0
0
0
0
0
0
1448
0
0
0
0
0
0
1448
0
39096
0
117288
0
357752
0
299129
0
15928
0
102388
0
212249
0
137683
0
28960
0
81088
0
125655
0
274241
0
62748
0
0
0
0
145392
0
0
0
41427
0
121391
0
0
0
17860
0
35720
0
88727
0
50684
0
30319
0
0
0
0
0
8688
0
0
0
0
0
0
0
1448
0
0
0
7240
0
12972
0
5792
0
0
0
85432
0
43440
0
72400
0
60816
0
134307
0
22637
0
6709
0
41992
0
0
0
0
0
0
0
0
0
0
0
0
0
0
0
0
0
0
0
0
0
0
0
0
0
0
0
242180
0
0
0
0
0
0
0
0
0
0
0
0
0
0
0
0
0
0
0
0
0
1448
0
227324
0
11102
0
0
0
0
0
0
0
0
0
0
0
0
0
0
0
0
0
0
0
25431
0
164575
0
46336
0
0
0
0
0
0
0
0
0
17376
0
220096
0
0
0
0
0
0
0
0
0
0
0
0
0
0
0
0
0
0
0
0
0
0
0
0
0
0
0
23168
0
136183
0
51889
0
18824
0
0
0
0
0
0
0
0
0
220344
0
16653
0
0
0
0
0
0
0
0
0
0
0
0
0
0
0
0
0
0
0
0
0
0
0
0
0
0
0
0
0
0
0
0
147696
0
88328
0
0
0
0
0
0
0
0
0
0
0
0
0
0
0
0
0
0
0
36200
0
202720
0
0
0
0
0
0
0
0
0
0
0
0
0
0
0
0
0
0
0
0
0
0
0
0
0
0
0
0
0
0
0
0
0
0
0
0
0
0
0
0
0
0
0
0
0
0
0
0
0
0
0
0
0
0
0
0
0
0
0
0
0
0
0
0
0
0
0
0
170225
0
157497
0
244812
0
322691
0
352566
0
301923
0
190671
0
184802
0
0
0
0
0
0
0
0
0
0
0
0
0
0
0
0
0
0
0
0
0
0
241404
0
0
0
0
0
0
0
0
0
0
0
0
0
0
0
0
0
0
0
0
0
0
0
0
0
79640
0
161686
0
0
0
0
0
0
0
0
0
0
0
0
0
0
0
0
0
0
0
0
0
0
0
0
0
0
0
17132
0
223717
0
0
0
0
0
0
0
0
0
0
0
0
0
0
0
0
0
0
0
0
0
0
212583
0
15928
0
0
0
0
0
41949
0
170864
0
27512
0
0
0
0
0
0
0
0
59589
0
132975
0
12791
0
21739
0
0
0
0
0
0
0
0
0
0
0
0
17860
0
95117
0
94604
0
19790
0
0
0
0
0
0
0
0
27512
0
0
0
132220
0
28721
0
35720
0
233371
0
5792
0
0
0
0
0
0
0
0
0
0
0
0
0
0
0
0
0
0
0
0
0
0
0
0
0
0
0
131288
0
110291
0
0
0
0
0
0
0
0
0
0
0
0
0
0
0
0
0
0
0
243178
0
0
0
0
0
0
0
0
0
0
0
0
1448
0
104256
0
138008
0
0
0
0
0
0
0
0
0
0
0
0
0
0
0
0
0
0
0
0
0
1448
0
99739
0
136112
0
0
0
0
0
0
0
0
0
0
0
0
0
0
0
0
0
0
0
0
0
0
0
0
0
0
0
0
0
0
0
4103
0
162943
0
68320
0
0
0
0
0
0
0
0
0
0
0
0
0
0
0
0
0
0
0
0
0
0
0
0
0
0
0
0
0
36202
0
124528
0
72400
0
0
0
0
0
0
0
0
0
0
0
0
0
0
0
0
0
0
0
0
0
0
0
0
0
0
0
0
92672
0
147696
0
0
0
0
0
0
0
0
0
0
0
0
0
0
0
0
0
0
63562
0
173106
0
0
0
0
0
0
0
0
0
146699
0
50875
0
15928
0
0
0
0
0
0
0
323891
0
74049
0
20272
0
0
0
0
0
0
0
0
0
0
0
0
0
0
861
0
8688
0
17376
0
0
0
0
0
0
0
0
1448
0
0
0
0
0
0
0
0
0
0
0
0
0
0
0
0
0
0
50680
0
120035
0
59368
0
0
0
0
0
0
0
0
0
0
0
0
0
0
0
0
0
0
0
0
0
13827
0
117774
0
69504
0
27504
0
0
0
0
0
0
0
0
0
0
0
0
0
0
0
175747
0
65160
0
0
0
0
0
0
0
0
0
0
0
0
0
0
0
0
0
0
0
0
0
0
0
0
0
0
0
0
0
0
0
142362
0
50899
0
0
0
0
0
0
0
0
0
144800
0
100918
0
0
0
0
0
0
0
0
0
0
0
0
0
0
0
0
0
0
0
0
0
0
0
190223
0
48027
0
0
0
0
0
0
0
0
0
0
0
0
0
0
0
0
0
0
0
0
0
0
0
0
0
0
14480
0
68056
0
64508
0
84020
0
0
0
0
0
0
0
0
0
1448
0
47784
0
112944
0
68056
0
76744
0
97955
0
0
36200
0
24616
0
0
0
0
0
0
37642
0
46336
0
70958
0
77951
0
0
0
0
0
0
0
0
0
0
0
44888
0
20931
0
95241
0
71351
0
88414
0
107805
0
50680
0
192009
0
0
0
0
20671
0
1448
0
0
0
0
27717
0
125976
0
72605
0
7240
0
0
0
0
0
0
0
0
0
0
0
0
0
0
0
0
0
0
0
0
0
0
0
0
5896
0
165151
0
60865
0
146248
0
48505
0
10136
0
0
0
0
0
0
0
1448
0
26064
0
0
0
0
0
0
0
0
0
0
0
0
0
0
144446
0
90679
0
0
0
0
0
0
0
0
0
0
0
0
0
0
0
0
0
0
0
0
0
0
0
0
0
0
62607
0
61671
0
26064
0
74369
0
7240
0
0
0
0
0
0
0
0
0
0
0
0
0
0
0
0
0
0
0
0
0
0
0
0
0
0
65160
0
128295
0
11434
0
8688
0
0
0
0
0
0
0
14480
0
0
0
0
0
0
0
0
0
0
0
0
0
0
0
0
0
0
0
0
0
0
0
0
0
0
0
0
0
0
0
0
0
170864
0
23792
0
0
0
0
0
0
0
0
0
0
0
0
1448
0
0
0
0
0
0
0
0
0
0
1448
0
0
0
0
0
246351
0
0
0
0
0
0
0
0
0
0
0
0
0
0
0
0
0
0
0
0
0
0
0
0
0
0
0
0
0
0
0
67493
0
86880
0
74764
0
0
0
0
0
0
0
0
0
0
0
0
0
0
0
0
0
0
0
0
0
0
0
0
0
0
0
0
0
0
52514
0
65160
0
63403
0
50371
0
0
0
0
0
0
0
0
0
0
0
0
0
0
0
0
0
0
0
41992
0
82155
0
56461
0
53152
0
0
0
0
0
0
0
0
0
0
0
0
0
0
0
0
0
0
0
0
0
0
0
81088
0
157572
0
0
0
0
0
0
0
0
0
0
0
0
0
0
0
0
0
0
0
0
0
0
0
0
0
111496
0
115732
0
0
0
0
0
0
147696
0
164230
0
175311
0
0
0
0
0
0
0
0
0
0
0
0
0
0
0
0
0
0
0
0
0
0
0
0
0
0
0
0
0
0
0
0
0
0
0
0
0
0
0
0
41992
0
206485
0
0
0
0
0
0
0
0
0
0
0
0
0
0
0
0
0
0
0
0
0
0
0
65238
0
47769
0
86252
0
30169
0
0
0
0
0
0
0
0
0
0
0
0
0
0
0
0
0
0
0
0
0
0
0
0
0
0
0
0
0
0
0
0
0
0
0
0
0
0
0
0
0
0
0
0
0
0
0
0
0
0
78192
0
152664
0
0
0
0
0
0
0
0
0
0
0
0
0
0
0
0
0
0
0
0
0
0
0
0
0
0
0
0
0
0
0
24
0
0
0
0
0
0
0
0
0
0
0
0
0
199009
0
63712
0
29593
0
0
0
0
0
0
0
99912
0
81088
0
0
0
0
50680
0
234881
0
105544
0
75296
0
0
0
0
0
0
0
0
0
0
0
0
0
0
1448
0
15928
0
5792
0
184390
0
30408
0
0
0
0
0
0
0
0
0
0
0
0
0
0
0
0
0
0
0
0
0
0
0
0
15928
0
65581
0
63244
0
13032
0
43813
0
55752
0
74610
0
57338
0
69546
0
0
0
0
0
0
0
89776
0
98464
0
44501
0
0
0
0
0
0
0
0
0
0
0
0
0
0
0
0
0
83743
0
148919
0
0
0
0
0
0
0
0
0
0
0
0
0
0
0
0
0
0
0
0
0
0
0
0
0
0
136112
0
57096
0
1448
0
0
0
0
0
0
0
0
0
0
0
0
0
0
0
0
0
0
0
0
0
1448
0
0
0
0
0
0
0
0
0
2896
0
0
0
0
0
0
187222
0
8688
0
0
0
0
0
0
0
0
0
0
0
0
0
0
0
0
0
0
0
0
0
0
0
0
0
0
0
0
0
71231
0
82935
0
1448
0
0
55024
0
20486
0
0
0
0
0
0
0
0
0
0
0
0
0
0
0
0
0
0
0
0
0
18824
0
69136
0
70952
0
65160
0
0
0
0
0
0
0
0
0
0
0
0
0
0
0
0
0
0
0
0
0
0
0
0
128872
0
108600
0
0
0
0
0
0
0
0
0
0
0
0
0
0
0
0
0
0
0
0
0
0
0
0
0
0
0
0
0
0
0
0
0
0
0
0
0
0
0
0
0
0
0
0
0
0
0
0
0
0
0
238779
0
0
0
0
0
0
0
0
0
0
0
0
0
0
0
0
0
0
0
0
0
0
0
0
0
0
0
0
0
0
0
0
1448
0
193208
0
20272
0
0
0
0
0
0
0
0
243812
0
0
0
0
0
0
0
6758
0
66853
0
82058
0
62991
0
0
0
0
0
0
0
0
0
0
0
0
0
0
0
0
0
0
0
0
0
0
0
1448
0
1448
0
0
0
0
0
0
0
66608
0
136687
0
28960
0
0
0
0
0
0
0
0
0
0
0
0
0
0
0
0
0
0
0
0
0
0
0
0
0
0
0
0
0
0
0
0
0
0
0
0
0
0
238920
0
2896
0
0
0
0
0
0
0
0
0
0
0
0
0
0
0
0
0
0
0
0
0
0
163624
0
29593
0
0
0
0
0
0
0
0
0
0
23168
0
464617
0
0
0
0
0
0
1448
0
0
0
0
0
1448
0
0
0
0
0
0
0
0
0
0
0
0
0
0
0
0
0
0
0
0
0
0
0
0
0
0
0
0
0
0
0
1348
0
0
0
0
0
0
0
0
0
0
0
0
0
0
0
0
0
0
4244
0
10236
0
71753
0
309416
0
117276
0
210029
0
1435
0
0
0
0
0
0
0
0
0
0
0
0
0
0
0
0
0
0
0
0
0
1435
0
0
0
0
0
0
0
0
0
0
0
0
0
0
0
0
0
27265
0
241172
0
358744
0
0
0
0
0
0
0
0
0
91840
0
400865
0
81258
0
0
0
0
0
0
0
0
0
0
0
0
0
0
0
0
0
0
0
0
0
0
0
0
184993
0
507148
0
48663
0
0
0
0
0
0
0
0
0
179598
0
60201
0
0
0
0
0
0
0
0
0
0
0
0
0
0
0
0
0
0
0
101076
0
243408
0
35486
0
104406
0
227238
0
0
0
0
0
0
0
0
0
0
0
48994
0
62964
0
121605
0
0
0
0
0
0
0
0
0
0
0
0
0
1441
0
0
11528
0
197119
0
26434
0
0
0
0
0
0
0
0
0
0
0
0
0
0
0
0
0
0
0
0
0
0
0
0
0
0
0
0
20174
0
242571
0
148510
0
63404
0
0
0
0
0
0
0
0
31414
0
207898
0
0
0
0
0
0
0
0
0
0
0
0
0
0
0
0
0
0
0
0
0
0
0
0
0
0
0
0
0
0
0
0
0
0
0
0
0
1441
0
33418
0
56199
0
20009
0
0
0
0
2882
0
15851
0
54758
0
18733
0
14410
0
60522
0
60522
0
103423
0
119027
0
151915
0
110875
0
50209
0
126368
0
27606
0
1441
0
0
0
0
0
0
0
12309
0
7205
0
89485
0
46112
0
69168
0
0
0
0
0
0
0
0
0
0
0
0
0
0
0
0
0
0
0
0
0
0
0
0
73491
0
160149
0
0
0
0
0
0
0
0
0
0
0
0
0
0
0
0
0
1441
0
0
0
11528
0
224646
0
0
0
0
0
0
1441
0
226714
0
0
0
0
0
0
0
0
0
0
0
0
0
0
0
0
0
0
0
0
0
0
0
0
0
0
0
0
0
0
0
0
0
0
0
0
0
0
0
0
0
0
0
0
0
0
0
0
0
0
0
0
0
0
0
0
0
0
0
0
0
0
0
0
0
0
0
0
0
0
0
0
0
1441
0
0
0
0
0
0
0
0
0
0
0
0
0
0
0
0
0
0
0
0
0
0
0
0
85019
0
160182
0
0
0
0
0
0
0
0
0
0
0
0
0
0
0
0
0
0
70609
0
62625
0
78177
0
27379
0
0
0
0
0
0
0
0
0
0
0
0
0
0
0
0
59314
0
83578
0
27379
0
62519
0
0
0
0
0
0
0
0
0
0
0
0
0
0
0
0
0
0
0
0
0
60039
0
114840
0
112233
0
61044
0
35706
0
59052
0
54155
0
49516
0
50708
0
45353
0
45133
0
42722
0
35486
0
82720
0
66066
0
67067
0
61963
0
76060
0
43230
0
93779
0
23056
0
35643
0
65300
0
7213
0
0
0
2882
0
74864
0
50435
0
60522
0
49137
0
0
0
0
0
0
0
0
0
0
0
0
0
0
0
0
0
0
0
0
0
0
46435
0
104337
0
68880
0
15191
0
0
0
0
0
0
0
0
0
0
0
0
0
0
0
0
0
0
0
0
0
0
0
0
0
0
0
0
0
48994
0
180367
0
2882
0
0
0
0
0
0
0
0
0
0
0
0
0
0
0
0
0
0
0
0
0
0
0
0
0
0
0
0
0
0
0
0
0
0
0
0
0
0
0
180518
0
62507
0
0
0
0
0
0
0
0
0
0
0
0
0
0
0
0
0
0
0
0
0
0
0
0
0
0
0
0
0
0
0
0
0
0
0
0
0
0
0
0
0
0
0
0
0
0
0
0
0
0
0
0
0
0
0
0
0
0
0
0
0
0
0
0
0
0
0
0
0
0
0
0
0
0
0
0
0
0
0
0
0
0
0
5764
0
236321
0
0
0
0
0
0
0
0
0
0
0
0
0
0
0
0
0
0
0
0
0
0
0
0
0
0
0
0
0
0
0
14410
0
57118
0
43607
0
57024
0
65309
0
0
0
0
0
0
0
0
0
0
0
0
0
0
0
0
0
0
0
0
0
0
0
0
0
118218
0
0
0
0
0
0
0
0
0
0
0
0
0
0
0
0
0
0
0
0
0
0
0
0
0
0
0
0
0
0
0
0
0
0
0
0
0
0
0
0
0
0
0
0
175514
0
59081
0
284309
0
376210
0
23056
0
0
0
0
0
0
0
0
0
0
0
0
0
41030
0
69630
0
113795
0
8646
0
0
0
0
0
0
0
0
0
0
0
0
0
0
0
0
0
54758
0
