394
0
0
0
0
1448
0
0
0
0
0
0
0
0
0
0
0
0
0
0
0
0
0
0
0
0
0
0
0
0
0
0
0
0
0
0
0
0
0
0
0
0
0
0
53804
0
28201
0
0
0
0
0
0
8688
0
2896
0
0
0
0
0
0
0
0
0
0
0
0
0
0
0
0
0
0
0
0
0
0
0
0
0
0
0
0
0
0
0
0
0
0
0
0
17576
0
17376
0
10136
0
39813
0
5792
0
0
0
0
0
0
0
0
0
0
0
0
0
0
0
0
0
0
0
0
0
0
0
0
0
0
0
0
43667
0
29950
0
200
0
101360
0
75209
0
14393
0
52328
0
21720
0
0
0
0
0
0
0
0
0
0
49232
0
73692
0
24812
0
148348
0
20272
0
0
0
21720
0
4800
0
33760
0
26260
0
86880
0
1448
0
108600
0
20478
0
26064
0
0
0
0
0
0
0
0
0
61016
0
97464
0
65360
0
37648
0
44888
0
0
0
1448
0
23168
0
37648
0
32326
0
101360
0
0
1448
0
31856
0
56816
0
0
0
0
0
0
0
52356
0
69504
0
60816
0
5548
0
0
0
0
0
19024
0
133216
0
0
0
0
0
0
28960
0
0
0
41952
0
0
0
1448
0
5792
0
0
0
0
0
1448
0
0
0
0
0
0
7240
0
1448
0
0
0
0
0
0
0
0
100112
0
69504
0
0
0
0
0
0
8543
0
2896
0
24
0
0
0
0
0
802
0
0
0
0
0
0
0
0
0
0
0
23396
0
43440
0
1448
0
8537
0
0
0
0
4344
0
2896
0
6020
0
0
0
0
0
0
0
0
0
0
0
0
39552
0
47623
0
1287
0
0
0
0
1448
0
0
0
15928
0
9975
0
0
1448
0
0
0
0
0
0
0
0
0
0
0
0
0
0
4344
0
4344
0
0
0
0
0
0
0
0
0
0
0
0
0
0
0
0
0
0
0
0
0
0
0
0
0
0
0
0
0
0
0
0
0
0
0
0
0
0
24816
0
34752
0
39096
0
12494
0
0
0
0
0
0
0
0
0
0
0
0
0
0
0
0
0
0
0
0
0
0
0
0
0
0
0
0
0
0
0
0
0
0
0
0
0
0
0
0
0
0
0
0
16128
0
28960
0
0
0
32056
0
14291
0
0
0
0
0
0
0
0
0
0
0
0
0
0
0
0
0
0
0
0
0
0
0
0
0
0
0
0
0
0
17576
0
47784
0
8499
0
0
0
0
0
0
0
0
0
0
0
0
0
0
0
0
0
0
0
0
0
0
0
0
0
0
0
0
0
42192
0
30074
0
0
10136
0
0
0
0
0
0
0
0
0
20472
0
53576
0
32616
0
43080
0
1448
0
0
0
9976
0
47784
0
0
0
0
0
29845
0
0
0
0
0
0
0
0
0
0
0
0
0
0
0
0
0
0
0
0
0
0
0
0
55224
0
16942
0
0
0
63912
0
52128
0
1448
0
0
0
0
0
0
0
0
0
0
0
3698
0
17069
0
2589
0
20272
0
42018
0
62464
0
1448
0
0
0
0
0
0
1448
0
46921
0
0
0
0
0
0
0
0
0
0
0
0
0
0
0
0
0
0
7240
0
10136
0
0
0
0
0
24
0
0
0
0
3698
0
70645
0
72896
0
0
0
1448
0
0
0
0
0
0
0
0
0
0
0
0
0
0
0
0
0
0
0
0
0
0
0
0
0
0
0
0
0
0
77509
0
0
0
0
0
0
0
0
0
0
0
0
0
0
0
0
0
0
0
0
0
0
0
0
0
0
52205
0
53824
0
8688
0
0
0
0
0
0
0
0
0
0
0
0
0
0
0
0
0
0
0
0
0
0
0
0
0
0
0
0
0
0
0
0
0
0
0
0
0
0
0
0
0
0
0
0
0
0
0
0
0
0
0
0
0
0
0
0
0
0
0
0
0
0
0
0
200
0
55024
0
0
0
0
0
0
0
1448
0
0
0
0
0
0
0
5792
0
14480
0
15714
0
70350
0
1448
0
0
0
0
1448
0
11584
0
11483
0
21720
0
24616
0
18026
0
18824
0
20272
0
1448
0
0
0
18824
0
15497
0
2896
0
0
0
0
0
0
7469
0
31856
0
31963
0
1448
0
0
0
0
0
0
0
0
0
0
0
0
0
0
0
0
0
0
0
0
0
0
0
0
0
0
0
0
0
200
0
33332
0
30408
0
23327
0
7240
0
0
0
0
0
0
0
0
0
0
0
0
0
0
0
0
0
0
0
0
0
0
0
0
0
0
0
0
0
0
1648
0
34752
0
31856
0
1448
0
2896
0
0
0
0
0
0
0
0
0
11584
0
22442
0
0
0
0
0
7440
0
26064
0
13232
0
0
0
0
0
0
0
4544
0
0
0
0
0
0
0
0
0
0
16128
0
33068
0
39096
0
40621
0
20472
0
52328
0
16566
0
0
0
9326
0
0
0
0
0
0
0
0
0
0
0
0
0
0
0
0
0
0
0
0
0
0
0
0
0
0
0
0
0
0
195
0
36200
0
0
0
0
17376
0
15928
0
21564
0
1448
0
0
0
0
0
0
0
0
0
0
0
0
0
0
0
0
0
0
0
0
0
0
0
0
0
0
0
0
0
0
0
0
0
0
0
0
3091
0
50680
0
20196
0
33499
0
37814
0
366
0
72930
0
0
0
1448
0
2896
0
0
0
0
0
0
0
0
0
0
0
0
0
0
0
0
0
0
0
0
0
0
61016
0
13242
0
1448
0
0
0
0
0
0
0
0
0
0
0
0
0
0
0
0
0
0
0
0
0
0
0
0
0
0
0
0
0
0
0
56672
0
15659
0
0
0
0
3096
0
85432
0
27512
0
0
0
11584
0
24616
0
30408
0
44522
0
0
1448
0
11584
0
20468
0
59368
0
0
0
0
0
0
0
1448
0
0
0
0
0
1448
0
13032
0
18824
0
21720
0
60816
0
0
1448
0
0
0
0
0
0
0
43440
0
26016
0
2848
0
10136
0
58116
0
20272
0
11584
0
70952
0
25376
0
19584
0
61012
0
52128
0
102808
0
3492
0
0
5792
0
94316
0
60816
0
60354
0
23168
0
13032
0
30604
0
82536
0
0
70290
0
0
0
0
0
0
0
786
0
68252
0
0
0
1448
0
26260
0
39096
0
50680
0
38242
0
0
0
0
5792
0
0
0
0
0
0
0
0
0
0
0
1448
0
0
0
4368
0
0
0
0
0
0
0
3698
0
16156
0
43440
0
10403
0
0
0
0
0
56672
0
15928
0
0
0
0
0
0
0
0
13993
0
8688
0
34952
0
14680
0
23765
0
56472
0
59297
0
62635
0
41629
0
0
0
0
0
0
0
0
0
0
0
0
0
200
0
72028
0
1448
0
0
0
0
0
0
0
0
0
0
0
0
0
0
0
0
0
0
0
0
0
0
0
0
0
0
0
0
0
0
0
0
0
0
0
0
0
0
0
0
0
0
0
0
0
0
0
0
0
0
0
0
0
0
0
0
72596
0
36200
0
0
0
0
0
0
0
0
0
0
0
0
0
0
0
0
0
0
0
0
0
0
0
0
0
0
0
0
0
0
0
0
0
0
0
0
0
0
0
0
0
0
0
0
0
0
0
0
0
0
0
0
0
0
0
0
0
0
0
0
0
0
0
0
0
0
0
0
0
0
0
0
0
0
0
0
0
0
0
0
0
0
0
0
0
0
0
0
0
0
0
0
0
0
0
0
0
0
0
0
0
0
0
0
0
0
0
0
0
0
0
0
0
0
0
0
0
0
0
0
0
0
0
0
0
0
0
0
0
0
0
0
0
0
0
0
22215
0
23168
0
1448
0
0
2896
0
24616
0
30866
0
458
0
0
0
0
17571
0
60100
0
0
0
0
0
0
0
5792
0
46531
0
33304
0
11110
0
0
0
0
0
0
0
0
0
0
0
0
0
0
1448
0
0
35921
0
60420
0
59568
0
17866
0
0
0
1648
0
76614
0
63772
0
1448
0
0
1448
0
36400
0
35966
0
0
15928
0
0
0
0
0
0
5792
0
0
0
0
200
0
73561
0
68695
0
1448
0
42192
0
40544
0
23540
0
0
0
0
0
1448
0
0
0
0
0
0
14480
0
59940
0
23168
0
1448
0
0
0
0
0
4286
0
55224
0
21174
0
0
0
0
0
0
0
7440
0
73016
0
0
0
0
0
0
0
0
0
0
0
0
1448
0
0
0
0
7240
0
38464
0
53576
0
0
0
0
0
0
10324
0
68271
0
0
0
0
0
0
0
0
0
0
0
0
27712
0
42572
0
1448
0
0
0
0
0
2896
0
0
0
0
0
0
0
0
0
0
0
0
0
0
0
0
0
0
0
0
0
0
0
0
0
0
0
0
0
0
0
0
69732
0
4454
0
0
0
0
0
0
1448
0
0
0
0
0
0
0
0
0
0
0
0
0
0
20272
0
2896
0
0
0
0
0
0
0
0
0
0
0
0
0
52356
0
18285
0
0
0
0
0
0
0
0
0
0
0
0
0
0
0
52328
0
20349
0
0
0
0
0
0
0
0
0
56672
0
0
0
40744
0
0
0
0
0
0
0
0
0
66808
0
54629
0
124528
0
70900
0
114592
0
31915
0
88328
0
7240
0
1448
0
52128
0
0
0
0
0
88134
0
0
0
1254
0
1448
0
0
0
0
0
2896
0
13032
0
8688
0
63939
0
36200
0
8688
0
34752
0
44347
0
0
0
4344
0
0
0
0
0
0
1448
0
0
0
0
17576
0
56472
0
27512
0
49232
0
0
0
43440
0
0
11517
0
0
0
0
0
0
1472
0
0
0
0
0
0
4500
0
27205
0
0
0
18824
0
23168
0
54090
0
0
0
7240
0
42220
0
6020
0
57920
0
47823
0
10136
0
0
0
21720
0
18727
0
49232
0
21194
0
21920
0
55024
0
38135
0
50883
0
0
0
29188
0
28960
0
17547
0
59597
0
47527
0
54708
0
0
0
0
1448
0
0
0
0
0
0
0
1448
0
15928
0
1132
0
2896
0
0
0
0
0
0
0
0
0
0
0
0
0
0
0
0
0
0
0
0
0
0
0
0
0
0
200
0
60816
0
11336
0
0
0
0
0
0
0
0
0
0
0
0
0
0
0
0
0
0
0
0
0
0
0
0
0
0
0
0
0
0
0
0
0
0
0
0
0
43667
0
26617
0
0
0
0
0
0
0
0
0
0
0
0
0
0
0
0
0
0
0
0
0
0
0
0
0
0
0
0
0
0
0
0
0
0
0
0
0
0
0
0
0
0
200
0
74997
0
0
0
1448
0
33005
0
0
0
47984
0
0
0
29160
0
86880
0
60122
0
72400
0
88038
0
0
1448
0
0
0
0
0
2896
0
0
0
0
0
30408
0
0
0
0
0
0
0
0
0
0
0
3698
0
18517
0
68056
0
7322
0
26259
0
39096
0
33304
0
15510
0
0
0
4344
0
42187
0
31404
0
14675
0
50680
0
0
1448
0
0
0
0
0
0
0
0
0
0
0
1448
0
0
0
0
0
0
0
0
0
0
0
0
0
0
1448
0
0
0
0
0
0
0
0
0
0
0
0
0
0
0
0
0
0
0
0
0
0
0
0
0
0
0
4500
0
18517
0
2896
0
17376
0
72113
0
89524
0
34768
0
0
0
0
0
0
0
0
0
0
0
0
0
0
0
0
0
0
0
72009
0
0
0
0
0
2896
0
34443
0
0
0
0
0
0
0
0
0
1448
0
14371
0
50680
0
21609
0
34952
0
41112
0
2016
0
0
0
0
0
0
0
0
32056
0
44196
0
10136
0
47984
0
24616
0
0
0
0
0
0
0
8052
0
29160
0
41188
0
0
0
644
0
0
0
0
27512
0
0
0
0
0
0
0
0
0
0
0
0
1448
0
1448
0
39325
0
2896
0
0
20272
0
8551
0
0
0
0
0
0
0
0
0
0
0
0
0
0
0
0
0
0
26264
0
44157
0
717
0
0
1448
0
0
0
0
0
0
0
0
0
0
0
0
0
0
0
0
0
0
0
0
0
0
0
0
0
0
0
0
0
0
200
0
21720
0
11584
0
27512
0
13297
0
0
0
0
0
0
0
0
0
0
0
0
0
0
0
0
0
0
0
0
0
0
0
0
0
0
0
0
0
0
0
0
0
0
0
0
0
0
0
0
45116
0
30811
0
196
0
86880
0
15928
0
0
0
70952
0
30816
0
72600
0
1448
0
70952
0
56390
0
0
0
15928
0
58116
0
33304
0
96490
0
11584
0
5792
0
0
0
0
16124
0
78192
0
46336
0
47976
0
26064
0
46536
0
81088
0
11584
0
15928
0
0
0
1448
0
17376
0
17609
0
0
0
0
68256
0
17376
0
0
0
11584
0
81088
0
76817
0
52357
0
81088
0
1448
0
0
0
0
0
0
0
5792
0
2896
0
0
0
0
0
0
0
0
0
0
0
0
7240
0
33304
0
17376
0
35055
0
0
0
0
0
0
0
0
0
0
0
0
0
0
0
0
0
0
0
0
0
0
0
0
0
0
0
0
0
0
0
0
0
0
0
0
0
0
0
4500
0
18517
0
0
0
7240
0
26064
0
11584
0
0
0
0
18824
0
89225
0
62742
0
14480
0
7240
0
0
0
1448
0
0
0
0
21720
0
1448
0
0
0
0
0
0
0
0
0
0
0
0
0
0
0
0
0
0
0
0
1448
0
18824
0
16261
0
74109
0
50880
0
0
0
0
0
0
0
0
0
0
0
39305
0
0
0
0
0
0
0
0
0
0
1448
0
0
0
0
0
0
0
0
0
2896
0
61016
0
0
0
2896
0
10340
0
52156
0
0
0
0
0
10364
0
28867
0
40544
0
26265
0
17576
0
41992
0
26273
0
39296
0
41992
0
3237
0
26292
0
39096
0
6327
0
0
0
0
0
0
0
0
0
0
0
0
0
0
0
0
0
0
0
0
0
0
0
0
0
0
0
0
0
0
0
47984
0
25890
0
0
0
4344
0
0
0
196
0
65160
0
8688
0
0
0
0
0
0
0
0
0
1448
0
0
0
0
0
0
0
27512
0
18824
0
37648
0
37452
0
1448
0
0
0
0
0
4344
0
12934
0
0
0
0
0
0
0
0
0
0
0
24
0
0
0
3698
0
22677
0
36396
0
94120
0
8688
0
57920
0
24774
0
53772
0
33304
0
10136
0
0
0
55024
0
38362
0
0
0
0
24
0
0
0
0
0
0
0
0
0
0
0
0
0
0
0
0
0
0
0
0
33799
0
43828
0
1448
0
79781
0
1448
0
0
0
1448
0
0
0
1448
0
0
0
0
0
58115
0
0
14731
0
71530
0
72810
0
0
0
71579
0
432
0
0
0
0
0
74177
0
0
0
0
4344
0
30408
0
74258
0
0
0
0
0
0
0
2896
0
47784
0
0
0
0
0
0
0
0
0
0
24616
0
47984
0
27676
0
36428
0
23168
0
0
0
28960
0
11931
0
0
0
0
0
1448
0
23715
0
59368
0
7479
0
0
0
0
0
0
0
0
0
1448
0
0
0
0
0
0
0
0
0
0
0
0
0
1448
0
0
0
0
0
0
0
3698
0
56165
0
16796
0
49260
0
31507
0
0
0
0
0
0
0
0
0
0
0
0
0
0
0
0
0
0
0
0
0
0
0
0
0
0
0
0
1448
0
0
0
0
0
0
0
0
0
0
0
0
0
0
0
0
0
0
0
0
0
0
0
0
0
0
0
0
0
0
0
0
0
0
0
0
0
0
0
0
0
0
0
0
0
0
0
0
0
0
0
0
0
0
0
0
0
0
0
0
0
0
0
0
0
0
50908
0
101054
0
69357
0
0
0
0
17376
0
35625
0
0
0
0
0
0
0
0
0
873
0
200
0
71891
0
6220
0
71849
0
13232
0
62529
0
29160
0
72413
0
0
0
0
0
200
0
0
0
0
0
0
0
0
200
0
27325
0
23368
0
46370
0
1448
0
0
0
0
13032
0
40744
0
36782
0
0
0
0
0
1448
0
29160
0
23168
0
16128
0
5114
0
0
0
0
0
0
0
0
0
0
0
0
0
0
0
0
0
0
0
0
19024
0
54703
0
0
0
0
0
0
0
0
0
0
0
0
0
0
0
0
0
0
0
0
0
0
0
0
0
0
0
0
0
0
0
0
0
70870
0
5792
0
0
0
0
18824
0
31574
0
0
0
71152
0
1448
0
0
0
0
0
20272
0
10136
0
68056
0
0
0
0
0
0
0
0
0
0
0
1448
0
0
0
0
0
0
0
20767
0
50680
0
5792
0
0
0
69699
0
78160
0
0
0
0
7240
0
84179
0
22293
0
67226
0
20890
0
0
0
0
0
0
0
0
0
149344
0
32685
0
0
0
0
1448
0
0
0
10136
0
34752
0
0
0
0
0
0
0
24
0
0
0
0
0
0
0
0
0
0
0
0
0
0
0
0
3698
0
53269
0
11584
0
1448
0
0
9678
0
39291
0
29578
0
47979
0
25116
0
0
0
0
0
37843
0
39572
0
0
0
0
0
36200
0
63912
0
7825
0
1448
0
0
0
0
0
0
0
0
0
0
0
0
0
0
0
0
0
33533
0
42851
0
70473
0
769
0
0
0
10136
0
0
0
0
0
0
0
0
0
0
0
0
0
0
0
0
0
0
0
0
0
0
0
0
0
39296
0
53892
0
0
0
0
0
0
0
0
0
0
0
0
0
0
0
0
0
0
0
0
0
0
0
0
0
0
0
0
8888
0
62463
0
73664
0
10136
0
0
0
0
0
0
0
0
0
0
0
0
0
0
0
0
33504
0
30408
0
49232
0
56472
0
27511
0
65160
0
39296
0
40544
0
36487
0
1448
0
0
20272
0
20272
0
53776
0
65160
0
60875
0
0
0
59
0
0
0
0
0
1448
0
0
0
0
7240
0
0
0
0
0
7240
0
0
0
1448
0
0
0
24
0
0
0
0
0
0
0
0
3698
0
22861
0
50680
0
1448
0
33499
0
24616
0
0
0
7240
0
0
0
0
0
31856
0
9982
0
24811
0
27512
0
15928
0
10136
0
8402
0
34952
0
24816
0
29921
0
4344
0
21920
0
24616
0
4344
0
8688
0
7240
0
0
0
11584
0
17376
0
16325
0
4344
0
10136
0
397
0
11784
0
10136
0
8688
0
13032
0
13032
0
15928
0
12324
0
17376
0
17376
0
20272
0
17376
0
967
0
16128
0
20272
0
4344
0
20272
0
18824
0
6941
0
0
0
0
0
200
0
20300
0
26064
0
23168
0
7240
0
0
0
7211
0
0
0
11784
0
24616
0
33304
0
6035
0
0
0
0
0
0
0
0
0
0
0
0
0
0
0
14680
0
40544
0
23657
0
16128
0
37848
0
41992
0
62264
0
44135
0
33304
0
0
0
0
0
19024
0
65160
0
0
0
0
63712
0
23330
0
71152
0
30408
0
1448
0
0
0
0
0
0
0
0
0
0
0
0
5792
0
0
0
0
0
19319
0
2896
0
195
0
0
0
0
195
0
0
0
2896
0
53074
0
17972
0
0
0
37843
0
2896
0
0
0
41603
0
71985
0
0
73889
0
2896
0
0
0
0
0
0
0
74328
0
78723
0
1448
0
1448
0
0
1448
0
0
0
0
0
0
0
0
0
0
0
0
68378
0
0
0
11584
0
34980
0
33539
0
235
0
0
0
2896
0
5792
0
0
0
0
0
0
0
0
0
0
0
0
0
33504
0
40753
0
0
0
0
0
0
0
0
0
0
0
0
0
0
0
0
0
0
0
0
0
0
0
0
0
0
0
0
0
0
0
0
0
0
0
0
32056
0
41992
0
692
0
0
0
0
0
0
0
0
0
0
0
0
0
0
14676
0
50680
0
0
0
0
0
0
0
1448
0
43440
0
15928
0
0
0
0
0
0
0
0
0
3698
0
50373
0
28460
0
71069
0
69809
0
71748
0
0
0
1448
0
74060
0
0
0
959
0
0
0
0
0
0
0
0
0
0
0
0
0
0
0
0
959
0
33304
0
13232
0
55497
0
0
0
0
0
0
0
17849
0
62464
0
11981
0
0
0
0
0
0
0
0
0
0
0
0
0
0
0
1448
0
0
0
0
0
0
0
0
0
0
0
0
0
0
0
0
0
0
0
0
0
0
0
3722
0
19965
0
73484
0
54355
0
0
0
8688
0
0
1448
0
0
0
0
0
7440
0
53604
0
18810
0
0
27712
0
43440
0
0
0
0
0
0
0
0
0
13032
0
37648
0
1525
0
0
0
0
0
26264
0
36200
0
10825
0
0
0
0
0
0
0
0
0
0
0
0
0
0
0
0
0
0
0
0
0
0
0
0
0
0
0
0
0
0
0
0
0
0
0
0
0
0
0
0
0
0
0
0
0
0
0
0
26264
0
43440
0
5483
0
53576
0
19618
0
1448
0
0
0
4544
0
50708
0
23947
0
37848
0
27512
0
11981
0
0
0
0
0
0
0
0
0
0
0
0
0
0
0
0
0
0
0
0
0
0
0
56672
0
18726
0
1448
0
0
1448
0
0
0
0
0
0
0
0
28960
0
0
0
0
0
0
0
0
0
1448
0
0
0
0
0
0
0
24844
0
48158
0
0
1448
0
19735
0
0
0
0
0
0
0
1448
0
0
0
0
0
0
0
0
0
0
0
0
0
0
0
0
0
0
0
0
0
0
0
0
0
0
0
0
0
0
0
0
0
30608
0
40994
0
0
0
0
0
0
0
0
0
0
0
0
0
0
0
0
0
0
0
0
0
0
0
0
0
0
0
200
0
59396
0
22971
0
0
0
0
0
0
0
0
0
0
0
0
0
0
0
0
0
0
0
0
0
0
0
0
0
0
