143
0
244
0
279
0
131
0
218
0
215
0
242
0
215
0
124
0
234
0
218
0
333
0
249
0
249
0
80
0
213
0
247
0
206
0
123
0
335
0
0
0
411
0
318
0
124
0
368
0
264
0
274
0
231
0
143
0
306
0
308
0
287
0
97
0
325
0
308
0
274
0
181
0
471
0
173
0
274
0
267
0
91
0
485
0
103
0
283
0
246
0
288
0
291
0
66
0
252
0
217
0
327
0
136
0
268
0
277
0
215
0
262
0
205
0
82
0
248
0
218
0
204
0
280
0
144
0
344
0
207
0
211
0
236
0
103
0
228
0
253
0
204
0
174
0
250
0
254
0
207
0
242
0
297
0
103
0
264
0
217
0
235
0
220
0
198
0
270
0
215
0
247
0
205
0
71
0
246
0
217
0
335
0
147
0
290
0
240
0
208
0
80
0
371
0
71
0
238
0
219
0
243
0
133
0
267
0
329
0
209
0
238
0
71
0
211
0
232
0
213
0
230
0
125
0
260
0
229
0
71
0
252
0
196
0
290
0
232
0
208
0
128
0
221
0
251
0
223
0
195
0
78
0
225
0
192
0
215
0
205
0
212
0
226
0
246
0
189
0
230
0
79
0
194
0
292
0
249
0
133
0
164
0
145
0
203
0
86
0
206
0
164
0
117
0
179
0
123
0
40
0
147
0
118
0
230
0
150
0
138
0
130
0
140
0
249
0
65
0
238
0
59
0
117
0
164
0
153
0
106
0
118
0
118
0
134
0
31
0
137
0
237
0
112
0
163
0
113
0
106
0
154
0
112
0
112
0
155
0
122
0
70
0
117
0
195
0
205
0
79
0
148
0
118
0
143
0
104
0
51
0
166
0
142
0
254
0
166
0
126
0
199
0
151
0
266
0
42
0
152
0
190
0
139
0
219
0
155
0
135
0
164
0
176
0
162
0
180
0
87
0
238
0
166
0
165
0
70
0
163
0
133
0
154
0
159
0
131
0
67
0
147
0
168
0
228
0
235
0
74
0
186
0
156
0
107
0
195
0
59
0
153
0
166
0
92
0
215
0
154
0
177
0
55
0
242
0
180
0
154
0
181
0
85
0
168
0
245
0
157
0
214
0
69
0
202
0
185
0
201
0
236
0
67
0
185
0
188
0
146
0
60
0
162
0
156
0
159
0
173
0
138
0
78
0
186
0
179
0
292
0
91
0
149
0
232
0
213
0
241
0
180
0
89
0
254
0
252
0
182
0
227
0
90
0
323
0
185
0
213
0
168
0
90
0
212
0
201
0
180
0
252
0
74
0
189
0
257
0
212
0
330
0
87
0
263
0
165
0
262
0
249
0
205
0
241
0
248
0
110
0
259
0
185
0
233
0
158
0
320
0
240
0
214
0
238
0
118
0
254
0
240
0
195
0
222
0
218
0
95
0
249
0
212
0
297
0
79
0
244
0
213
0
229
0
206
0
144
0
234
0
197
0
240
0
203
0
85
0
268
0
210
0
331
0
212
0
162
0
185
0
219
0
257
0
99
0
167
0
221
0
210
0
223
0
220
0
137
0
309
0
225
0
207
0
124
0
214
0
256
0
210
0
225
0
190
0
128
0
210
0
192
0
225
0
281
0
115
0
198
0
197
0
234
0
205
0
131
0
210
0
203
0
218
0
172
0
210
0
100
0
220
0
327
0
105
0
240
0
229
0
201
0
212
0
241
0
112
0
172
0
192
0
105
0
203
0
272
0
277
0
245
0
210
0
66
0
203
0
186
0
219
0
180
0
106
0
258
0
194
0
194
0
179
0
80
0
324
0
243
0
164
0
216
0
191
0
162
0
190
0
166
0
213
0
96
0
292
0
132
0
175
0
267
0
128
0
237
0
195
0
221
0
207
0
129
0
240
0
231
0
230
0
207
0
105
0
341
0
276
0
801
0
481
0
196
0
152
0
183
0
196
0
134
0
308
0
84
0
251
0
158
0
211
0
260
0
136
0
122
0
168
0
187
0
178
0
85
0
212
0
169
0
246
0
173
0
131
0
217
0
169
0
296
0
184
0
56
0
183
0
202
0
205
0
176
0
165
0
185
0
189
0
243
0
157
0
60
0
271
0
165
0
221
0
154
0
122
0
160
0
47
0
441
0
232
0
109
0
172
0
209
0
188
0
235
0
94
0
194
0
178
0
208
0
161
0
62
0
197
0
148
0
161
0
145
0
84
0
179
0
168
0
271
0
152
0
56
0
188
0
172
0
147
0
150
0
134
0
121
0
147
0
162
0
154
0
89
0
328
0
77
0
157
0
163
0
129
0
139
0
126
0
88
0
197
0
77
0
198
0
151
0
203
0
86
0
242
0
208
0
138
0
101
0
172
0
173
0
164
0
147
0
177
0
99
0
183
0
177
0
147
0
172
0
205
0
142
0
210
0
144
0
193
0
84
0
159
0
192
0
147
0
187
0
73
0
206
0
220
0
187
0
177
0
97
0
148
0
263
0
142
0
173
0
65
0
132
0
192
0
136
0
167
0
102
0
243
0
193
0
146
0
156
0
62
0
89
0
172
0
109
0
119
0
125
0
156
0
192
0
122
0
186
0
237
0
0
0
154
0
204
0
117
0
122
0
123
0
172
0
94
0
75
0
225
0
0
0
157
0
295
0
117
0
124
0
77
0
153
0
151
0
119
0
194
0
78
0
193
0
83
0
98
0
151
0
242
0
65
0
242
0
74
0
174
0
231
0
206
0
73
0
128
0
157
0
138
0
66
0
162
0
287
0
80
0
37
0
126
0
124
0
71
0
126
0
58
0
126
0
157
0
107
0
135
0
107
0
40
0
219
0
120
0
144
0
63
0
78
0
107
0
65
0
89
0
58
0
49
0
83
0
71
0
78
0
131
0
49
0
121
0
35
0
134
0
23
0
90
0
89
0
86
0
105
0
71
0
54
0
78
0
188
0
79
0
55
0
113
0
88
0
76
0
61
0
92
0
109
0
66
0
70
0
133
0
75
0
174
0
37
0
157
0
88
0
110
0
42
0
173
0
24
0
84
0
134
0
23
0
79
0
103
0
101
0
218
0
65
0
73
0
103
0
115
0
123
0
56
0
67
0
132
0
97
0
194
0
115
0
174
0
204
0
86
0
78
0
85
0
68
0
162
0
76
0
76
0
111
0
92
0
73
0
144
0
123
0
4641
0
34
0
27
0
21
0
144
0
35
0
49
0
148
0
59
0
87
0
55
0
77
0
99
0
20
0
215
0
79
0
96
0
97
0
134
0
79
0
85
0
83
0
87
0
122
0
94
0
32
0
154
0
64
0
229
0
69
0
76
0
100
0
130
0
55
0
117
0
79
0
84
0
79
0
66
0
126
0
53
0
163
0
106
0
78
0
72
0
49
0
113
0
49
0
98
0
110
0
52
0
99
0
106
0
96
0
163
0
82
0
84
0
111
0
128
0
55
0
73
0
38
0
107
0
90
0
122
0
1984
0
62
0
124
0
209
0
120
0
56
0
92
0
104
0
84
0
69
0
105
0
112
0
63
0
118
0
62
0
114
0
158
0
70
0
23
0
105
0
84
0
135
0
46
0
64
0
23
0
46
0
95
0
51
0
93
0
184
0
43
0
89
0
371
0
440
0
307
0
258
0
79
0
41
0
216
0
61
0
147
0
104
0
68
0
211
0
23
0
94
0
90
0
72
0
122
0
23
0
119
0
95
0
96
0
58
0
66
0
49
0
203
0
56
0
246
0
122
0
108
0
90
0
92
0
96
0
42
0
79
0
55
0
115
0
26
0
486
0
190
0
77
0
61
0
109
0
37
0
942
0
32
0
142
0
79
0
53
0
89
0
400
0
95
0
169
0
66
0
87
0
79
0
127
0
79
0
53
0
50
0
95
0
64
0
79
0
71
0
53
0
180
0
97
0
79
0
23
0
79
0
92
0
111
0
44
0
110
0
98
0
435
0
196
0
55
0
131
0
159
0
115
0
69
0
38
0
105
0
93
0
87
0
104
0
35
0
102
0
121
0
72
0
85
0
180
0
91
0
98
0
101
0
85
0
56
0
98
0
111
0
42
0
157
0
96
0
51
0
115
0
177
0
126
0
45
0
55
0
121
0
78
0
88
0
65
0
68
0
103
0
50
0
263
0
93
0
78
0
163
0
62
0
23
0
131
0
79
0
132
0
126
0
88
0
53
0
101
0
82
0
134
0
26
0
214
0
86
0
84
0
79
0
114
0
166
0
49
0
82
0
94
0
147
0
188
0
141
0
118
0
191
0
41
0
104
0
96
0
88
0
74
0
110
0
71
0
95
0
87
0
23
0
78
0
121
0
110
0
173
0
94
0
119
0
82
0
107
0
101
0
23
0
100
0
98
0
106
0
109
0
59
0
98
0
187
0
86
0
109
0
32
0
90
0
114
0
94
0
107
0
74
0
96
0
142
0
34
0
90
0
29
0
159
0
79
0
106
0
83
0
105
0
129
0
53
0
101
0
35
0
85
0
80
0
103
0
50
0
165
0
92
0
96
0
118
0
84
0
45
0
87
0
73
0
120
0
98
0
73
0
75
0
101
0
181
0
147
0
57
0
64
0
67
0
118
0
84
0
73
0
110
0
88
0
100
0
104
0
49
0
78
0
171
0
55
0
35
0
81
0
82
0
95
0
110
0
86
0
97
0
74
0
105
0
108
0
61
0
154
0
44
0
107
0
66
0
79
0
71
0
61
0
93
0
109
0
117
0
35
0
132
0
87
0
197
0
101
0
67
0
90
0
131
0
84
0
26
0
124
0
81
0
120
0
121
0
26
0
129
0
79
0
180
0
127
0
56
0
91
0
49
0
84
0
88
0
52
0
110
0
23
0
97
0
66
0
120
0
124
0
76
0
101
0
44
0
101
0
54
0
103
0
32
0
100
0
61
0
96
0
99
0
82
0
202
0
32
0
76
0
117
0
558
0
193
0
193
0
114
0
82
0
106
0
98
0
23
0
130
0
118
0
187
0
167
0
93
0
69
0
77
0
79
0
60
0
83
0
93
0
55
0
72
0
65
0
61
0
197
0
92
0
84
0
499
0
58
0
12
0
80
0
58
0
57
0
35
0
64
0
35
0
63
0
160
0
38
0
37
0
58
0
43
0
73
0
61
0
35
0
60
0
55
0
72
0
38
0
23
0
69
0
677
0
43
0
223
0
35
0
38
0
142
0
61
0
47
0
37
0
49
0
58
0
68
0
35
0
120
0
38
0
96
0
99
0
108
0
42
0
88
0
80
0
118
0
114
0
38
0
159
0
62
0
152
0
70
0
32
0
68
0
124
0
110
0
69
0
113
0
80
0
125
0
91
0
91
0
79
0
87
0
191
0
103
0
117
0
44
0
123
0
72
0
109
0
56
0
89
0
79
0
70
0
119
0
26
0
228
0
66
0
65
0
75
0
53
0
81
0
89
0
101
0
96
0
75
0
109
0
76
0
128
0
165
0
23
0
111
0
84
0
93
0
81
0
58
0
119
0
67
0
96
0
110
0
23
0
78
0
104
0
140
0
92
0
37
0
225
0
70
0
49
0
94
0
20
0
35
0
69
0
497
0
84
0
45
0
197
0
41
0
98
0
75
0
61
0
99
0
114
0
89
0
76
0
55
0
136
0
81
0
96
0
209
0
40
0
68
0
109
0
68
0
93
0
109
0
70
0
70
0
99
0
99
0
23
0
96
0
92
0
200
0
92
0
61
0
145
0
64
0
73
0
49
0
87
0
82
0
71
0
84
0
72
0
83
0
181
0
35
0
137
0
38
0
87
0
100
0
81
0
131
0
154
0
650
0
109
0
69
0
70
0
89
0
182
0
107
0
78
0
112
0
61
0
158
0
26
0
86
0
84
0
105
0
92
0
91
0
93
0
186
0
77
0
106
0
102
0
88
0
37
0
94
0
78
0
63
0
61
0
81
0
45
0
624
0
211
0
23
0
185
0
49
0
99
0
79
0
78
0
64
0
66
0
54
0
141
0
69
0
40
0
88
0
204
0
98
0
87
0
109
0
74
0
96
0
127
0
89
0
87
0
118
0
23
0
124
0
37
0
130
0
75
0
85
0
124
0
81
0
78
0
78
0
166
0
58
0
92
0
99
0
171
0
76
0
631
0
112
0
111
0
152
0
50
0
69
0
163
0
76
0
45
0
52
0
208
0
68
0
26
0
71
0
129
0
68
0
23
0
106
0
617
0
53
0
127
0
189
0
53
0
114
0
76
0
142
0
113
0
116
0
95
0
108
0
100
0
59
0
163
0
65
0
116
0
65
0
71
0
37
0
100
0
92
0
216
0
84
0
53
0
166
0
53
0
104
0
76
0
37
0
98
0
72
0
100
0
109
0
64
0
106
0
187
0
78
0
79
0
71
0
130
0
79
0
118
0
88
0
40
0
119
0
93
0
96
0
84
0
172
0
74
0
87
0
68
0
115
0
23
0
109
0
68
0
117
0
67
0
66
0
87
0
79
0
53
0
209
0
38
0
61
0
101
0
62
0
71
0
68
0
134
0
73
0
73
0
26
0
87
0
113
0
229
0
38
0
34
0
122
0
175
0
12
0
121
0
92
0
66
0
92
0
101
0
76
0
54
0
188
0
104
0
72
0
46
0
118
0
139
0
49
0
87
0
99
0
54
0
98
0
179
0
41
0
186
0
26
0
146
0
41
0
74
0
141
0
101
0
70
0
114
0
88
0
50
0
92
0
29
0
123
0
179
0
104
0
94
0
45
0
149
0
100
0
100
0
53
0
88
0
102
0
117
0
32
0
173
0
154
0
123
0
84
0
73
0
115
0
91
0
114
0
93
0
91
0
23
0
89
0
114
0
117
0
38
0
191
0
107
0
108
0
90
0
95
0
23
0
54
0
106
0
87
0
422
0
61
0
87
0
120
0
177
0
98
0
49
0
72
0
102
0
63
0
85
0
45
0
84
0
96
0
49
0
49
0
23
0
151
0
76
0
23
0
149
0
37
0
117
0
112
0
86
0
92
0
109
0
29
0
130
0
20
0
224
0
79
0
79
0
90
0
63
0
78
0
101
0
49
0
78
0
123
0
33
0
76
0
71
0
70
0
131
0
37
0
29
0
58
0
109
0
29
0
61
0
85
0
87
0
110
0
60
0
32
0
88
0
171
0
87
0
53
0
113
0
107
0
144
0
86
0
79
0
69
0
79
0
109
0
86
0
56
0
84
0
154
0
87
0
121
0
83
0
75
0
23
0
31
0
140
0
43
0
78
0
115
0
85
0
338
0
135
0
23
0
83
0
57
0
23
0
134
0
35
0
59
0
105
0
101
0
76
0
48
0
75
0
127
0
109
0
26
0
141
0
120
0
165
0
131
0
90
0
37
0
109
0
144
0
104
0
26
0
113
0
142
0
100
0
35
0
126
0
66
0
87
0
65
0
136
0
88
0
33
0
101
0
58
0
65
0
168
0
44
0
72
0
98
0
230
0
65
0
86
0
70
0
98
0
98
0
81
0
42
0
67
0
150
0
73
0
56
0
96
0
69
0
95
0
96
0
32
0
91
0
100
0
119
0
101
0
56
0
99
0
183
0
101
0
118
0
74
0
82
0
164
0
102
0
109
0
106
0
41
0
109
0
49
0
195
0
154
0
82
0
107
0
93
0
111
0
45
0
110
0
83
0
106
0
96
0
59
0
126
0
98
0
156
0
109
0
120
0
32
0
78
0
35
0
88
0
37
0
71
0
142
0
26
0
108
0
41
0
93
0
172
0
78
0
79
0
41
0
38
0
92
0
35
0
149
0
12
0
105
0
12
0
473
0
251
0
86
0
113
0
70
0
100
0
40
0
369
0
107
0
108
0
101
0
91
0
37
0
110
0
62
0
208
0
57
0
17
0
83
0
49
0
44
0
49
0
61
0
52
0
71
0
73
0
173
0
32
0
96
0
183
0
58
0
167
0
37
0
85
0
86
0
49
0
54
0
54
0
115
0
63
0
99
0
38
0
181
0
43
0
61
0
69
0
26
0
94
0
95
0
82
0
55
0
83
0
64
0
49
0
125
0
197
0
66
0
102
0
133
0
84
0
50
0
115
0
88
0
100
0
114
0
89
0
32
0
117
0
90
0
262
0
23
0
147
0
106
0
40
0
57
0
102
0
70
0
98
0
94
0
82
0
91
0
35
0
181
0
57
0
153
0
38
0
37
0
66
0
96
0
84
0
58
0
173
0
12
0
106
0
46
0
130
0
37
0
92
0
81
0
98
0
49
0
35
0
60
0
58
0
104
0
61
0
70
0
103
0
50
0
142
0
72
0
35
0
38
0
65
0
66
0
44
0
42
0
218
0
101
0
86
0
61
0
35
0
191
0
72
0
154
0
84
0
66
0
57
0
83
0
65
0
131
0
43
0
62
0
73
0
135
0
169
0
32
0
136
0
90
0
76
0
96
0
128
0
115
0
75
0
137
0
12
0
84
0
122
0
110
0
167
0
88
0
117
0
82
0
106
0
97
0
23
0
70
0
98
0
64
0
92
0
61
0
101
0
195
0
73
0
84
0
34
0
101
0
74
0
245
0
55
0
72
0
118
0
124
0
53
0
126
0
38
0
118
0
154
0
101
0
110
0
74
0
82
0
93
0
23
0
162
0
45
0
88
0
99
0
91
0
184
0
56
0
79
0
96
0
58
0
43
0
45
0
62
0
107
0
75
0
121
0
23
0
98
0
147
0
95
0
81
0
20
0
101
0
87
0
85
0
90
0
56
0
110
0
96
0
106
0
87
0
9
0
137
0
78
0
49
0
105
0
41
0
64
0
46
0
52
0
26
0
35
0
112
0
23
0
41
0
112
0
32
0
50
0
64
0
63
0
23
0
63
0
35
0
71
0
115
0
69
0
77
0
116
0
23
0
228
0
23
0
84
0
38
0
79
0
220
0
85
0
48
0
70
0
49
0
49
0
79
0
23
0
143
0
79
0
172
0
46
0
84
0
282
0
38
0
134
0
84
0
91
0
106
0
73
0
87
0
236
0
103
0
110
0
108
0
23
0
180
0
35
0
119
0
92
0
49
0
118
0
116
0
92
0
102
0
122
0
80
0
157
0
23
0
79
0
37
0
103
0
130
0
97
0
153
0
145
0
90
0
35
0
181
0
117
0
35
0
217
0
51
0
62
0
75
0
23
0
81
0
308
0
190
0
89
0
137
0
60
0
206
0
107
0
90
0
114
0
133
0
23
0
87
0
176
0
238
0
109
0
23
0
84
0
23
0
244
0
26
0
98
0
85
0
114
0
93
0
86
0
85
0
82
0
98
0
144
0
84
0
278
0
173
0
23
0
117
0
187
0
23
0
103
0
146
0
85
0
94
0
159
0
72
0
45
0
168
0
23
0
196
0
93
0
106
0
86
0
75
0
94
0
103
0
23
0
125
0
98
0
110
0
94
0
79
0
181
0
76
0
72
0
93
0
93
0
108
0
90
0
23
0
80
0
114
0
82
0
73
0
48
0
143
0
57
0
24
0
68
0
58
0
58
0
89
0
46
0
73
0
37
0
49
0
62
0
24
0
68
0
125
0
56
0
89
0
81
0
64
0
116
0
87
0
23
0
96
0
182
0
32
0
103
0
101
0
176
0
84
0
106
0
93
0
118
0
145
0
71
0
126
0
128
0
85
0
64
0
125
0
81
0
206
0
116
0
108
0
65
0
103
0
100
0
123
0
90
0
40
0
92
0
72
0
87
0
86
0
70
0
184
0
41
0
81
0
171
0
68
0
111
0
67
0
23
0
103
0
156
0
87
0
94
0
46
0
186
0
32
0
95
0
87
0
20
0
130
0
23
0
111
0
70
0
40
0
57
0
26
0
47
0
191
0
23
0
81
0
37
0
58
0
61
0
57
0
49
0
55
0
12
0
95
0
63
0
44
0
54
0
118
0
82
0
54
0
64
0
37
0
58
0
77
0
40
0
53
0
42
0
55
0
79
0
57
0
89
0
60
0
38
0
72
0
59
0
50
0
75
0
49
0
35
0
119
0
93
0
32
0
47
0
175
0
58
0
121
0
58
0
58
0
60
0
21
0
115
0
29
0
76
0
72
0
85
0
102
0
82
0
142
0
94
0
120
0
93
0
93
0
182
0
80
0
49
0
115
0
96
0
96
0
35
0
95
0
172
0
67
0
83
0
138
0
35
0
121
0
44
0
32
0
170
0
32
0
86
0
93
0
61
0
207
0
65
0
107
0
84
0
104
0
35
0
90
0
93
0
93
0
74
0
99
0
78
0
158
0
42
0
182
0
43
0
196
0
84
0
35
0
101
0
61
0
46
0
71
0
58
0
69
0
85
0
23
0
191
0
84
0
35
0
101
0
23
0
107
0
74
0
89
0
43
0
54
0
213
0
68
0
57
0
26
0
195
0
101
0
115
0
97
0
35
0
85
0
58
0
68
0
60
0
65
0
88
0
112
0
88
0
185
0
115
0
76
0
9
0
100
0
77
0
53
0
103
0
123
0
71
0
143
0
43
0
133
0
159
0
71
0
133
0
29
0
88
0
123
0
106
0
94
0
426
0
103
0
79
0
92
0
87
0
62
0
157
0
128
0
58
0
93
0
40
0
68
0
133
0
55
0
79
0
42
0
111
0
108
0
80
0
229
0
35
0
68
0
137
0
82
0
41
0
98
0
81
0
126
0
98
0
90
0
82
0
91
0
142
0
55
0
6
0
93
0
82
0
93
0
86
0
58
0
49
0
113
0
52
0
98
0
35
0
56
0
126
0
127
0
79
0
56
0
218
0
134
0
102
0
115
0
26
0
60
0
88
0
107
0
104
0
116
0
85
0
141
0
65
0
120
0
56
0
64
0
104
0
133
0
35
0
40
0
123
0
84
0
174
0
96
0
58
0
118
0
64
0
70
0
89
0
37
0
137
0
46
0
40
0
86
0
112
0
101
0
194
0
50
0
93
0
70
0
107
0
61
0
90
0
93
0
85
0
66
0
95
0
50
0
87
0
176
0
96
0
59
0
95
0
72
0
98
0
75
0
79
0
64
0
142
0
35
0
93
0
82
0
56
0
165
0
116
0
71
0
12
0
122
0
109
0
63
0
90
0
90
0
76
0
70
0
87
0
96
0
205
0
46
0
100
0
70
0
108
0
84
0
56
0
72
0
63
0
46
0
26
0
73
0
126
0
179
0
114
0
85
0
56
0
38
0
101
0
92
0
73
0
61
0
85
0
87
0
104
0
82
0
72
0
168
0
95
0
88
0
78
0
109
0
105
0
78
0
110
0
58
0
29
0
64
0
109
0
68
0
183
0
247
0
98
0
266
0
64
0
102
0
46
0
85
0
27
0
137
0
35
0
131
0
96
0
372
0
120
0
58
0
94
0
35
0
117
0
94
0
29
0
175
0
66
0
47
0
84
0
199
0
72
0
243
0
95
0
100
0
80
0
94
0
185
0
72
0
55
0
63
0
52
0
293
0
85
0
179
0
126
0
74
0
160
0
82
0
50
0
42
0
274
0
56
0
77
0
145
0
38
0
122
0
167
0
158
0
85
0
23
0
58
0
101
0
23
0
134
0
26
0
76
0
66
0
116
0
93
0
72
0
84
0
210
0
54
0
61
0
30
0
71
0
66
0
95
0
88
0
75
0
247
0
93
0
63
0
86
0
146
0
106
0
86
0
90
0
46
0
33
0
63
0
234
0
105
0
52
0
23
0
73
0
57
0
121
0
38
0
115
0
65
0
63
0
88
0
26
0
49
0
100
0
77
0
63
0
38
0
38
0
55
0
132
0
58
0
40
0
57
0
77
0
58
0
63
0
35
0
49
0
38
0
63
0
63
0
29
0
131
0
74
0
66
0
23
0
94
0
63
0
87
0
35
0
105
0
38
0
72
0
115
0
84
0
26
0
265
0
30
0
82
0
118
0
94
0
58
0
70
0
118
0
94
0
32
0
120
0
90
0
91
0
192
0
84
0
89
0
92
0
99
0
89
0
68
0
35
0
100
0
95
0
87
0
92
0
84
0
160
0
115
0
119
0
77
0
49
0
49
0
66
0
55
0
75
0
32
0
47
0
83
0
46
0
26
0
177
0
20
0
44
0
57
0
58
0
23
0
54
0
69
0
67
0
38
0
35
0
63
0
32
0
104
0
121
0
46
0
75
0
113
0
93
0
26
0
153
0
20
0
84
0
99
0
107
0
23
0
183
0
107
0
95
0
81
0
81
0
37
0
49
0
86
0
6
0
43
0
90
0
117
0
58
0
72
0
173
0
79
0
70
0
37
0
60
0
73
0
98
0
99
0
72
0
107
0
92
0
106
0
23
0
164
0
89
0
79
0
61
0
116
0
61
0
106
0
104
0
81
0
73
0
37
0
86
0
66
0
192
0
104
0
56
0
60
0
58
0
29
0
84
0
23
0
66
0
220
0
35
0
91
0
37
0
75
0
195
0
101
0
35
0
26
0
101
0
73
0
90
0
101
0
53
0
67
0
113
0
76
0
82
0
130
0
89
0
95
0
98
0
113
0
58
0
86
0
107
0
32
0
63
0
49
0
23
0
98
0
163
0
82
0
58
0
70
0
72
0
49
0
95
0
71
0
23
0
87
0
46
0
76
0
57
0
69
0
168
0
97
0
26
0
54
0
99
0
73
0
122
0
70
0
89
0
79
0
99
0
75
0
40
0
140
0
52
0
65
0
63
0
79
0
115
0
219
0
77
0
496
0
23
0
73
0
92
0
79
0
173
0
73
0
60
0
35
0
75
0
49
0
23
0
49
0
85
0
67
0
100
0
73
0
101
0
104
0
197
0
23
0
81
0
77
0
115
0
98
0
73
0
72
0
105
0
93
0
101
0
87
0
23
0
166
0
106
0
173
0
0
0
101
0
97
0
94
0
116
0
29
0
81
0
89
0
109
0
92
0
313
0
70
0
60
0
106
0
84
0
123
0
23
0
98
0
107
0
49
0
76
0
49
0
105
0
69
0
184
0
88
0
61
0
74
0
106
0
91
0
76
0
49
0
84
0
940
0
1019
0
64
0
146
0
206
0
109
0
92
0
37
0
107
0
81
0
138
0
125
0
95
0
131
0
159
0
84
0
142
0
207
0
79
0
106
0
127
0
121
0
58
0
140
0
100
0
114
0
147
0
111
0
23
0
271
0
65
0
201
0
118
0
120
0
149
0
178
0
77
0
148
0
24
0
144
0
197
0
130
0
57
0
144
0
299
0
106
0
124
0
79
0
126
0
128
0
142
0
145
0
123
0
79
0
118
0
89
0
144
0
221
0
79
0
149
0
124
0
132
0
112
0
97
0
116
0
93
0
100
0
26
0
103
0
51
0
415
0
353
0
225
0
42
0
123
0
97
0
99
0
86
0
133
0
12
0
95
0
108
0
59
0
96
0
207
0
115
0
107
0
70
0
139
0
118
0
117
0
121
0
111
0
72
0
113
0
127
0
123
0
69
0
219
0
111
0
124
0
68
0
127
0
124
0
108
0
117
0
64
0
110
0
153
0
123
0
113
0
168
0
197
0
143
0
47
0
105
0
47
0
150
0
79
0
