194
0
269
0
266
0
363
0
296
0
263
0
206
0
263
0
348
0
269
0
279
0
174
0
266
0
278
0
351
0
174
0
295
0
263
0
351
0
217
0
358
0
275
0
269
0
371
0
272
0
269
0
207
0
342
0
451
0
224
0
354
0
338
0
334
0
391
0
295
0
338
0
253
0
341
0
451
0
338
0
244
0
338
0
341
0
463
0
314
0
201
0
353
0
272
0
359
0
269
0
194
0
295
0
272
0
384
0
269
0
181
0
298
0
272
0
359
0
269
0
196
0
269
0
265
0
374
0
269
0
178
0
324
0
272
0
359
0
269
0
197
0
262
0
275
0
371
0
269
0
181
0
353
0
295
0
359
0
178
0
285
0
295
0
272
0
402
0
269
0
181
0
298
0
272
0
359
0
259
0
197
0
292
0
265
0
378
0
269
0
171
0
178
0
392
0
272
0
530
0
197
0
269
0
272
0
368
0
302
0
181
0
298
0
359
0
272
0
269
0
194
0
272
0
272
0
255
0
168
0
423
0
250
0
439
0
272
0
265
0
197
0
359
0
178
0
352
0
197
0
265
0
455
0
269
0
262
0
178
0
288
0
359
0
269
0
373
0
263
0
272
0
388
0
269
0
272
0
178
0
395
0
275
0
269
0
284
0
178
0
359
0
298
0
272
0
272
0
178
0
288
0
405
0
338
0
323
0
87
0
446
0
388
0
346
0
272
0
178
0
288
0
441
0
272
0
369
0
171
0
275
0
388
0
324
0
272
0
262
0
375
0
272
0
269
0
171
0
352
0
359
0
301
0
269
0
272
0
178
0
288
0
359
0
352
0
284
0
178
0
349
0
300
0
275
0
337
0
229
0
471
0
341
0
344
0
356
0
219
0
351
0
480
0
399
0
344
0
226
0
394
0
363
0
374
0
413
0
259
0
452
0
448
0
344
0
321
0
196
0
385
0
272
0
258
0
299
0
180
0
291
0
395
0
298
0
275
0
180
0
402
0
275
0
272
0
369
0
180
0
377
0
268
0
405
0
183
0
275
0
369
0
272
0
275
0
334
0
259
0
367
0
279
0
460
0
344
0
295
0
314
0
362
0
432
0
310
0
203
0
413
0
203
0
437
0
344
0
341
0
360
0
219
0
412
0
309
0
180
0
413
0
268
0
358
0
394
0
275
0
284
0
193
0
363
0
364
0
183
0
367
0
88
0
473
0
459
0
344
0
219
0
298
0
386
0
353
0
229
0
449
0
226
0
388
0
275
0
275
0
196
0
275
0
363
0
180
0
286
0
411
0
207
0
491
0
347
0
350
0
246
0
350
0
463
0
239
0
350
0
463
0
347
0
378
0
230
0
350
0
476
0
350
0
340
0
242
0
380
0
460
0
350
0
371
0
230
0
470
0
225
0
347
0
249
0
175
0
319
0
340
0
467
0
371
0
233
0
350
0
378
0
483
0
350
0
242
0
350
0
460
0
350
0
434
0
230
0
459
0
363
0
350
0
350
0
242
0
350
0
460
0
350
0
378
0
230
0
369
0
476
0
343
0
233
0
362
0
350
0
460
0
350
0
258
0
350
0
453
0
363
0
350
0
230
0
362
0
350
0
460
0
340
0
258
0
350
0
343
0
482
0
350
0
230
0
362
0
350
0
343
0
467
0
258
0
350
0
343
0
483
0
350
0
230
0
475
0
237
0
483
0
350
0
223
0
374
0
350
0
483
0
350
0
230
0
590
0
252
0
467
0
350
0
258
0
546
0
117
0
596
0
350
0
230
0
475
0
230
0
347
0
350
0
434
0
460
0
240
0
340
0
508
0
230
0
362
0
421
0
503
0
350
0
223
0
460
0
237
0
559
0
350
0
230
0
475
0
347
0
233
0
460
0
265
0
459
0
347
0
366
0
343
0
237
0
475
0
840
0
755
0
136
0
134
0
177
0
204
0
118
0
108
0
165
0
125
0
178
0
179
0
110
0
191
0
174
0
199
0
106
0
152
0
85
0
110
0
139
0
93
0
77
0
222
0
192
0
138
0
220
0
79
0
135
0
197
0
143
0
137
0
86
0
126
0
141
0
157
0
116
0
60
0
141
0
114
0
139
0
155
0
81
0
128
0
141
0
159
0
80
0
102
0
78
0
203
0
201
0
226
0
93
0
149
0
158
0
107
0
157
0
99
0
134
0
136
0
192
0
169
0
97
0
136
0
141
0
98
0
177
0
82
0
146
0
117
0
172
0
215
0
101
0
125
0
135
0
149
0
95
0
98
0
125
0
142
0
228
0
117
0
0
0
362
0
146
0
158
0
116
0
81
0
136
0
125
0
161
0
107
0
155
0
137
0
160
0
175
0
111
0
102
0
161
0
106
0
174
0
174
0
88
0
136
0
171
0
155
0
65
0
93
0
150
0
220
0
89
0
103
0
150
0
138
0
171
0
151
0
107
0
107
0
148
0
123
0
154
0
105
0
162
0
137
0
158
0
176
0
107
0
105
0
137
0
94
0
150
0
100
0
134
0
129
0
156
0
137
0
78
0
97
0
137
0
94
0
152
0
95
0
138
0
187
0
94
0
76
0
157
0
97
0
155
0
91
0
134
0
110
0
146
0
242
0
79
0
79
0
154
0
97
0
151
0
109
0
134
0
98
0
146
0
240
0
160
0
113
0
175
0
209
0
172
0
92
0
134
0
97
0
140
0
107
0
156
0
59
0
177
0
97
0
272
0
149
0
80
0
124
0
155
0
169
0
69
0
152
0
225
0
160
0
167
0
230
0
89
0
156
0
77
0
187
0
160
0
118
0
280
0
89
0
154
0
91
0
137
0
218
0
157
0
232
0
117
0
133
0
214
0
133
0
117
0
118
0
156
0
153
0
97
0
168
0
76
0
97
0
176
0
132
0
96
0
91
0
151
0
144
0
87
0
208
0
86
0
108
0
186
0
151
0
97
0
92
0
137
0
155
0
94
0
79
0
166
0
152
0
156
0
154
0
78
0
94
0
134
0
96
0
132
0
187
0
72
0
121
0
190
0
207
0
198
0
176
0
198
0
159
0
78
0
251
0
123
0
160
0
224
0
140
0
93
0
125
0
140
0
136
0
109
0
251
0
21
0
258
0
174
0
148
0
74
0
96
0
137
0
158
0
81
0
185
0
75
0
96
0
176
0
133
0
97
0
93
0
137
0
156
0
159
0
89
0
180
0
92
0
164
0
123
0
74
0
83
0
125
0
92
0
105
0
91
0
159
0
91
0
146
0
141
0
71
0
107
0
126
0
144
0
71
0
74
0
154
0
95
0
164
0
123
0
74
0
103
0
126
0
144
0
18
0
123
0
173
0
88
0
165
0
123
0
73
0
104
0
128
0
141
0
71
0
95
0
207
0
94
0
147
0
142
0
70
0
107
0
142
0
157
0
96
0
79
0
163
0
80
0
159
0
153
0
79
0
94
0
156
0
134
0
79
0
78
0
173
0
155
0
141
0
136
0
80
0
109
0
137
0
155
0
76
0
131
0
180
0
136
0
186
0
123
0
71
0
137
0
196
0
149
0
77
0
114
0
241
0
199
0
156
0
149
0
82
0
112
0
145
0
122
0
74
0
90
0
157
0
92
0
91
0
492
0
304
0
194
0
116
0
247
0
90
0
108
0
210
0
126
0
201
0
126
0
165
0
127
0
143
0
136
0
80
0
94
0
189
0
100
0
276
0
105
0
161
0
124
0
165
0
129
0
141
0
119
0
265
0
122
0
159
0
91
0
169
0
155
0
199
0
155
0
79
0
117
0
230
0
64
0
273
0
153
0
171
0
158
0
236
0
132
0
192
0
209
0
302
0
141
0
280
0
98
0
161
0
115
0
141
0
156
0
92
0
127
0
210
0
219
0
202
0
121
0
200
0
115
0
106
0
297
0
95
0
103
0
173
0
159
0
99
0
81
0
157
0
205
0
246
0
161
0
88
0
93
0
430
0
136
0
96
0
94
0
131
0
158
0
69
0
148
0
79
0
94
0
188
0
80
0
157
0
68
0
147
0
152
0
198
0
200
0
85
0
106
0
203
0
115
0
224
0
123
0
149
0
122
0
167
0
116
0
149
0
102
0
198
0
157
0
99
0
97
0
131
0
125
0
125
0
73
0
210
0
100
0
227
0
204
0
94
0
104
0
156
0
200
0
107
0
93
0
199
0
121
0
260
0
211
0
124
0
122
0
155
0
253
0
322
0
324
0
496
0
399
0
181
0
344
0
422
0
663
0
325
0
166
0
212
0
112
0
162
0
227
0
192
0
91
0
159
0
217
0
115
0
212
0
198
0
97
0
227
0
126
0
192
0
92
0
174
0
233
0
108
0
190
0
151
0
186
0
210
0
124
0
306
0
156
0
147
0
205
0
148
0
122
0
157
0
87
0
175
0
103
0
188
0
84
0
141
0
205
0
199
0
123
0
175
0
101
0
195
0
108
0
193
0
108
0
106
0
188
0
85
0
215
0
191
0
103
0
153
0
113
0
237
0
123
0
223
0
146
0
162
0
125
0
109
0
230
0
173
0
147
0
202
0
83
0
216
0
117
0
278
0
131
0
75
0
179
0
165
0
105
0
217
0
87
0
215
0
115
0
214
0
133
0
79
0
209
0
193
0
116
0
189
0
127
0
188
0
82
0
152
0
137
0
86
0
190
0
174
0
120
0
233
0
102
0
207
0
123
0
153
0
131
0
86
0
159
0
189
0
118
0
184
0
110
0
189
0
138
0
195
0
154
0
111
0
194
0
180
0
104
0
260
0
101
0
232
0
106
0
144
0
149
0
78
0
169
0
155
0
105
0
176
0
111
0
152
0
95
0
128
0
105
0
74
0
128
0
140
0
90
0
160
0
71
0
166
0
90
0
127
0
118
0
83
0
127
0
103
0
165
0
151
0
92
0
147
0
89
0
130
0
119
0
84
0
293
0
321
0
204
0
211
0
171
0
164
0
118
0
162
0
78
0
188
0
134
0
149
0
170
0
129
0
213
0
128
0
168
0
193
0
108
0
229
0
113
0
166
0
153
0
145
0
199
0
227
0
165
0
162
0
104
0
107
0
191
0
91
0
202
0
193
0
198
0
185
0
136
0
100
0
164
0
129
0
202
0
172
0
163
0
153
0
209
0
229
0
138
0
173
0
116
0
142
0
193
0
161
0
131
0
126
0
189
0
143
0
191
0
167
0
110
0
140
0
234
0
189
0
127
0
134
0
171
0
148
0
202
0
204
0
117
0
116
0
170
0
126
0
74
0
177
0
133
0
196
0
147
0
228
0
110
0
115
0
187
0
191
0
116
0
67
0
220
0
155
0
93
0
166
0
109
0
114
0
175
0
153
0
112
0
109
0
220
0
141
0
170
0
156
0
99
0
188
0
154
0
215
0
106
0
173
0
190
0
198
0
105
0
79
0
156
0
157
0
125
0
167
0
110
0
214
0
159
0
146
0
93
0
72
0
139
0
141
0
82
0
113
0
64
0
118
0
113
0
183
0
85
0
64
0
171
0
187
0
126
0
171
0
86
0
140
0
239
0
98
0
199
0
64
0
145
0
151
0
142
0
136
0
116
0
139
0
168
0
168
0
131
0
98
0
202
0
217
0
107
0
145
0
80
0
216
0
187
0
208
0
107
0
85
0
201
0
190
0
120
0
206
0
82
0
150
0
146
0
179
0
101
0
79
0
157
0
159
0
85
0
170
0
84
0
131
0
160
0
75
0
174
0
75
0
170
0
150
0
97
0
139
0
77
0
189
0
91
0
50
0
145
0
71
0
195
0
74
0
355
0
462
0
312
0
971
0
144
0
119
0
160
0
121
0
234
0
179
0
110
0
75
0
139
0
191
0
81
0
170
0
114
0
101
0
201
0
163
0
130
0
80
0
146
0
183
0
75
0
108
0
130
0
93
0
163
0
371
0
80
0
158
0
1120
0
516
0
202
0
412
0
198
0
146
0
207
0
152
0
138
0
98
0
169
0
261
0
103
0
424
0
18
0
173
0
183
0
148
0
104
0
83
0
151
0
204
0
103
0
172
0
83
0
103
0
159
0
18
0
112
0
0
0
258
0
187
0
87
0
167
0
81
0
364
0
495
0
178
0
390
0
418
0
387
0
721
0
404
0
324
0
446
0
111
0
441
0
469
0
216
0
104
0
174
0
529
0
342
0
147
0
71
0
113
0
67
0
131
0
67
0
101
0
212
0
209
0
97
0
101
0
167
0
98
0
181
0
139
0
77
0
98
0
154
0
77
0
188
0
100
0
135
0
93
0
159
0
133
0
79
0
97
0
171
0
179
0
82
0
99
0
151
0
172
0
85
0
120
0
188
0
154
0
196
0
259
0
100
0
97
0
167
0
188
0
122
0
143
0
76
0
118
0
175
0
185
0
87
0
122
0
156
0
174
0
146
0
145
0
80
0
93
0
152
0
102
0
181
0
119
0
176
0
171
0
153
0
87
0
149
0
104
0
158
0
157
0
72
0
113
0
129
0
93
0
159
0
126
0
72
0
96
0
130
0
18
0
178
0
110
0
132
0
144
0
76
0
87
0
125
0
156
0
90
0
130
0
159
0
113
0
129
0
91
0
75
0
201
0
72
0
129
0
75
0
72
0
236
0
105
0
145
0
102
0
183
0
174
0
99
0
184
0
117
0
103
0
214
0
145
0
135
0
86
0
171
0
86
0
154
0
168
0
110
0
320
0
86
0
121
0
150
0
174
0
102
0
88
0
145
0
105
0
188
0
186
0
82
0
131
0
165
0
144
0
118
0
87
0
80
0
201
0
170
0
239
0
84
0
125
0
170
0
159
0
120
0
87
0
140
0
200
0
119
0
206
0
87
0
172
0
182
0
161
0
122
0
85
0
155
0
208
0
106
0
214
0
112
0
162
0
209
0
172
0
134
0
99
0
152
0
93
0
129
0
72
0
177
0
120
0
189
0
140
0
115
0
79
0
142
0
85
0
206
0
191
0
88
0
128
0
163
0
164
0
131
0
118
0
153
0
104
0
144
0
160
0
70
0
110
0
146
0
124
0
106
0
72
0
145
0
132
0
18
0
248
0
120
0
183
0
115
0
160
0
104
0
91
0
179
0
189
0
104
0
110
0
180
0
190
0
118
0
157
0
132
0
106
0
149
0
130
0
73
0
157
0
189
0
124
0
170
0
138
0
87
0
93
0
148
0
129
0
91
0
55
0
165
0
114
0
184
0
144
0
98
0
98
0
54
0
244
0
82
0
112
0
183
0
193
0
102
0
75
0
156
0
102
0
164
0
143
0
75
0
90
0
165
0
206
0
121
0
172
0
100
0
120
0
203
0
169
0
117
0
68
0
240
0
196
0
220
0
173
0
99
0
101
0
156
0
147
0
129
0
122
0
202
0
206
0
88
0
145
0
86
0
92
0
142
0
142
0
106
0
86
0
188
0
209
0
105
0
158
0
101
0
92
0
152
0
193
0
105
0
157
0
195
0
182
0
85
0
85
0
164
0
105
0
175
0
153
0
85
0
67
0
201
0
101
0
151
0
87
0
166
0
169
0
106
0
151
0
87
0
101
0
187
0
126
0
164
0
80
0
162
0
105
0
172
0
151
0
88
0
102
0
177
0
183
0
127
0
109
0
173
0
173
0
106
0
126
0
70
0
96
0
168
0
175
0
94
0
70
0
101
0
142
0
128
0
104
0
75
0
114
0
100
0
88
0
156
0
64
0
100
0
103
0
64
0
85
0
67
0
85
0
136
0
64
0
123
0
64
0
100
0
103
0
64
0
103
0
64
0
140
0
118
0
82
0
167
0
73
0
170
0
217
0
219
0
124
0
103
0
169
0
153
0
230
0
167
0
78
0
114
0
153
0
127
0
103
0
72
0
130
0
125
0
158
0
102
0
154
0
122
0
165
0
142
0
95
0
103
0
153
0
138
0
189
0
87
0
135
0
115
0
154
0
168
0
84
0
105
0
160
0
162
0
110
0
75
0
125
0
144
0
96
0
126
0
75
0
98
0
167
0
120
0
184
0
82
0
151
0
172
0
171
0
161
0
101
0
123
0
172
0
180
0
180
0
89
0
153
0
121
0
168
0
152
0
87
0
102
0
146
0
159
0
92
0
97
0
125
0
108
0
126
0
126
0
104
0
90
0
147
0
162
0
110
0
71
0
129
0
90
0
247
0
89
0
126
0
93
0
145
0
195
0
113
0
71
0
129
0
105
0
146
0
128
0
72
0
93
0
146
0
159
0
95
0
89
0
129
0
90
0
161
0
129
0
72
0
93
0
129
0
177
0
113
0
72
0
128
0
72
0
190
0
145
0
80
0
101
0
165
0
184
0
125
0
84
0
155
0
121
0
172
0
88
0
161
0
106
0
163
0
184
0
220
0
121
0
184
0
250
0
152
0
141
0
328
0
153
0
235
0
210
0
125
0
136
0
218
0
208
0
105
0
138
0
207
0
243
0
142
0
134
0
185
0
105
0
178
0
207
0
88
0
111
0
190
0
194
0
87
0
277
0
105
0
107
0
160
0
155
0
82
0
86
0
154
0
229
0
115
0
136
0
104
0
115
0
228
0
162
0
207
0
139
0
187
0
228
0
210
0
207
0
153
0
184
0
164
0
113
0
145
0
79
0
100
0
158
0
129
0
105
0
113
0
122
0
143
0
103
0
71
0
116
0
94
0
146
0
128
0
127
0
112
0
170
0
174
0
105
0
75
0
125
0
93
0
146
0
72
0
162
0
109
0
129
0
156
0
149
0
120
0
88
0
100
0
103
0
85
0
115
0
83
0
85
0
85
0
146
0
36
0
64
0
165
0
94
0
70
0
103
0
111
0
84
0
147
0
221
0
96
0
102
0
145
0
80
0
171
0
162
0
125
0
92
0
130
0
114
0
139
0
96
0
130
0
95
0
148
0
107
0
175
0
197
0
169
0
90
0
134
0
75
0
130
0
149
0
58
0
136
0
299
0
71
0
328
0
132
0
166
0
82
0
91
0
130
0
96
0
162
0
169
0
151
0
103
0
159
0
159
0
85
0
114
0
148
0
138
0
162
0
152
0
148
0
104
0
166
0
100
0
145
0
103
0
76
0
215
0
130
0
138
0
567
0
142
0
593
0
532
0
145
0
96
0
542
0
254
0
81
0
341
0
148
0
117
0
265
0
253
0
187
0
189
0
141
0
76
0
202
0
93
0
125
0
147
0
107
0
51
0
208
0
107
0
231
0
137
0
207
0
154
0
141
0
147
0
111
0
70
0
189
0
149
0
209
0
88
0
90
0
227
0
123
0
167
0
103
0
104
0
192
0
105
0
196
0
102
0
163
0
158
0
135
0
159
0
121
0
94
0
175
0
123
0
147
0
99
0
65
0
209
0
169
0
104
0
167
0
81
0
149
0
105
0
162
0
82
0
149
0
177
0
182
0
119
0
149
0
101
0
141
0
104
0
173
0
151
0
21
0
223
0
143
0
146
0
87
0
104
0
167
0
136
0
160
0
71
0
127
0
212
0
139
0
171
0
116
0
65
0
148
0
104
0
153
0
158
0
119
0
114
0
124
0
144
0
67
0
94
0
124
0
144
0
86
0
89
0
119
0
169
0
184
0
190
0
120
0
75
0
143
0
175
0
105
0
82
0
154
0
223
0
91
0
97
0
166
0
72
0
126
0
92
0
132
0
84
0
149
0
120
0
189
0
147
0
160
0
103
0
147
0
112
0
165
0
74
0
124
0
199
0
126
0
120
0
88
0
89
0
126
0
151
0
78
0
76
0
112
0
137
0
177
0
157
0
99
0
105
0
155
0
174
0
89
0
83
0
147
0
150
0
140
0
156
0
55
0
94
0
135
0
230
0
76
0
97
0
136
0
150
0
137
0
153
0
95
0
97
0
141
0
108
0
158
0
106
0
159
0
162
0
322
0
80
0
161
0
97
0
156
0
138
0
161
0
69
0
169
0
159
0
167
0
76
0
172
0
109
0
152
0
171
0
102
0
82
0
150
0
160
0
172
0
81
0
167
0
105
0
158
0
178
0
106
0
87
0
146
0
156
0
157
0
86
0
172
0
18
0
222
0
171
0
0
0
247
0
135
0
151
0
157
0
78
0
78
0
172
0
157
0
134
0
77
0
98
0
150
0
229
0
105
0
68
0
167
0
107
0
158
0
117
0
157
0
88
0
159
0
161
0
138
0
105
0
184
0
110
0
180
0
91
0
141
0
111
0
155
0
161
0
215
0
81
0
175
0
81
0
190
0
157
0
86
0
103
0
155
0
164
0
164
0
91
0
199
0
101
0
79
0
159
0
78
0
160
0
141
0
151
0
79
0
141
0
116
0
160
0
78
0
163
0
78
0
138
0
191
0
161
0
250
0
91
0
199
0
108
0
86
0
202
0
86
0
182
0
162
0
121
0
197
0
85
0
189
0
79
0
99
0
167
0
87
0
93
0
250
0
141
0
178
0
87
0
124
0
128
0
104
0
162
0
90
0
259
0
160
0
142
0
86
0
158
0
207
0
92
0
104
0
155
0
107
0
176
0
156
0
162
0
88
0
198
0
173
0
103
0
57
0
145
0
88
0
180
0
156
0
141
0
104
0
159
0
270
0
104
0
87
0
140
0
89
0
181
0
156
0
140
0
117
0
145
0
177
0
80
0
102
0
140
0
100
0
140
0
175
0
161
0
88
0
157
0
191
0
78
0
78
0
144
0
99
0
160
0
140
0
155
0
86
0
215
0
184
0
100
0
82
0
140
0
99
0
144
0
80
0
212
0
130
0
265
0
157
0
97
0
83
0
78
0
159
0
161
0
78
0
194
0
81
0
160
0
156
0
97
0
78
0
141
0
188
0
99
0
138
0
152
0
78
0
160
0
153
0
99
0
81
0
139
0
161
0
81
0
191
0
153
0
78
0
160
0
89
0
141
0
99
0
213
0
159
0
160
0
96
0
194
0
156
0
168
0
95
0
145
0
100
0
160
0
78
0
139
0
99
0
273
0
156
0
97
0
93
0
135
0
96
0
150
0
135
0
76
0
96
0
206
0
75
0
153
0
91
0
135
0
96
0
150
0
78
0
132
0
93
0
204
0
140
0
96
0
90
0
134
0
95
0
149
0
78
0
129
0
99
0
207
0
134
0
97
0
91
0
136
0
96
0
151
0
75
0
135
0
96
0
208
0
132
0
78
0
140
0
135
0
111
0
164
0
165
0
18
0
165
0
224
0
145
0
103
0
97
0
150
0
100
0
170
0
159
0
89
0
180
0
160
0
153
0
105
0
100
0
149
0
107
0
169
0
181
0
82
0
101
0
130
0
218
0
82
0
181
0
183
0
84
0
147
0
180
0
83
0
104
0
205
0
251
0
105
0
119
0
201
0
114
0
207
0
95
0
157
0
124
0
271
0
179
0
89
0
151
0
195
0
108
0
173
0
81
0
154
0
101
0
314
0
179
0
86
0
147
0
190
0
96
0
188
0
104
0
161
0
188
0
86
0
327
0
84
0
121
0
170
0
90
0
167
0
82
0
152
0
104
0
141
0
219
0
99
0
192
0
188
0
105
0
148
0
96
0
144
0
169
0
83
0
221
0
84
0
119
0
171
0
87
0
177
0
87
0
152
0
180
0
206
0
155
0
171
0
122
0
173
0
82
0
169
0
84
0
138
0
156
0
76
0
210
0
77
0
164
0
307
0
85
0
219
0
91
0
113
0
148
0
224
0
102
0
88
0
194
0
108
0
186
0
218
0
136
0
183
0
111
0
271
0
124
0
82
0
187
0
153
0
85
0
166
0
83
0
154
0
89
0
224
0
99
0
84
0
163
0
128
0
83
0
100
0
142
0
162
0
82
0
78
0
175
0
93
0
253
0
126
0
76
0
72
0
126
0
148
0
73
0
115
0
167
0
104
0
176
0
187
0
86
0
108
0
131
0
149
0
91
0
186
0
84
0
105
0
186
0
90
0
157
0
104
0
137
0
154
0
76
0
167
0
84
0
96
0
170
0
134
0
79
0
94
0
136
0
157
0
117
0
242
0
103
0
90
0
178
0
132
0
85
0
122
0
156
0
175
0
105
0
99
0
168
0
80
0
156
0
134
0
82
0
95
0
119
0
159
0
94
0
192
0
18
0
156
0
136
0
74
0
134
0
101
0
138
0
154
0
77
0
209
0
77
0
139
0
181
0
207
0
73
0
95
0
166
0
154
0
94
0
58
0
164
0
95
0
61
0
18
0
163
0
109
0
88
0
139
0
93
0
169
0
153
0
151
0
151
0
76
0
97
0
150
0
137
0
96
0
116
0
95
0
187
0
75
0
148
0
131
0
78
0
136
0
96
0
136
0
93
0
155
0
167
0
97
0
148
0
96
0
76
0
134
0
139
0
79
0
97
0
153
0
187
0
78
0
151
0
96
0
76
0
152
0
133
0
104
0
116
0
97
0
187
0
93
0
152
0
167
0
59
0
166
0
73
0
157
0
136
0
96
0
183
0
97
0
152
0
93
0
78
0
152
0
133
0
93
0
77
0
134
0
213
0
93
0
186
0
79
0
100
0
135
0
158
0
97
0
140
0
99
0
188
0
97
0
154
0
96
0
79
0
139
0
98
0
161
0
138
0
100
0
209
0
99
0
153
0
94
0
145
0
96
0
170
0
144
0
21
0
180
0
176
0
99
0
160
0
108
0
158
0
110
0
162
0
99
0
60
0
189
0
197
0
106
0
183
0
87
0
210
0
110
0
138
0
99
0
78
0
179
0
171
0
99
0
160
0
75
0
162
0
97
0
81
0
138
0
100
0
162
0
189
0
97
0
157
0
96
0
82
0
158
0
221
0
94
0
79
0
182
0
171
0
99
0
154
0
79
0
156
0
100
0
141
0
75
0
81
0
177
0
112
0
159
0
157
0
75
0
162
0
103
0
143
0
96
0
81
0
181
0
171
0
97
0
157
0
79
0
214
0
97
0
139
0
97
0
61
0
199
0
173
0
100
0
154
0
79
0
159
0
96
0
143
0
99
0
60
0
178
0
183
0
120
0
178
0
86
0
183
0
94
0
116
0
102
0
60
0
178
0
175
0
97
0
135
0
99
0
136
0
77
0
169
0
96
0
59
0
178
0
166
0
97
0
152
0
75
0
209
0
97
0
137
0
73
0
100
0
168
0
170
0
96
0
90
0
155
0
136
0
79
0
59
0
135
0
96
0
161
0
166
0
95
0
123
0
155
0
149
0
105
0
157
0
86
0
164
0
119
0
201
0
179
0
123
0
123
0
166
0
136
0
76
0
94
0
137
0
94
0
209
0
175
0
119
0
125
0
168
0
136
0
85
0
106
0
152
0
125
0
252
0
258
0
98
0
98
0
225
0
179
0
124
0
103
0
162
0
129
0
169
0
170
0
98
0
98
0
155
0
133
0
79
0
94
0
154
0
192
0
64
0
201
0
94
0
100
0
158
0
134
0
76
0
97
0
184
0
120
0
239
0
156
0
120
0
21
0
213
0
85
0
200
0
133
0
79
0
175
0
109
0
76
0
240
0
111
0
112
0
133
0
67
0
129
0
85
0
105
0
