395
0
88
0
524
0
88
0
88
0
162
0
138
0
88
0
163
0
88
0
407
0
373
0
88
0
88
0
162
0
88
0
88
0
162
0
138
0
88
0
227
0
138
0
88
0
162
0
88
0
88
0
88
0
162
0
761
0
88
0
226
0
88
0
133
0
208
0
88
0
88
0
324
0
412
0
88
0
163
0
152
0
138
0
162
0
88
0
88
0
162
0
242
0
423
0
138
0
162
0
152
0
88
0
162
0
88
0
88
0
163
0
88
0
88
0
212
0
88
0
152
0
212
0
88
0
88
0
162
0
88
0
138
0
162
0
138
0
133
0
271
0
88
0
88
0
138
0
405
0
331
0
162
0
88
0
138
0
162
0
88
0
202
0
88
0
162
0
88
0
88
0
162
0
88
0
88
0
162
0
138
0
152
0
162
0
88
0
88
0
163
0
88
0
88
0
212
0
88
0
88
0
276
0
88
0
88
0
162
0
88
0
88
0
183
0
207
0
88
0
88
0
388
0
331
0
169
0
162
0
88
0
88
0
290
0
138
0
88
0
162
0
202
0
88
0
162
0
88
0
88
0
162
0
88
0
88
0
162
0
88
0
202
0
162
0
138
0
88
0
163
0
88
0
88
0
163
0
88
0
88
0
152
0
163
0
88
0
133
0
207
0
88
0
88
0
163
0
331
0
331
0
226
0
88
0
88
0
162
0
88
0
88
0
162
0
465
0
1089
0
1453
0
1070
0
1721
0
1400
0
819
0
1407
0
1954
0
505
0
429
0
88
0
162
0
152
0
88
0
593
0
379
0
88
0
163
0
88
0
88
0
162
0
88
0
152
0
207
0
183
0
88
0
162
0
250
0
412
0
212
0
380
0
138
0
226
0
88
0
88
0
88
0
162
0
88
0
162
0
88
0
88
0
88
0
226
0
88
0
88
0
162
0
88
0
88
0
162
0
138
0
88
0
162
0
202
0
88
0
212
0
88
0
88
0
162
0
88
0
138
0
162
0
178
0
152
0
163
0
138
0
331
0
405
0
138
0
88
0
163
0
88
0
88
0
152
0
163
0
88
0
88
0
163
0
88
0
88
0
213
0
88
0
88
0
227
0
88
0
88
0
88
0
716
0
623
0
88
0
163
0
176
0
0
0
163
0
152
0
88
0
163
0
88
0
176
0
119
0
221
0
0
0
88
0
325
0
564
0
50
0
251
0
88
0
50
0
163
0
176
0
88
0
75
0
202
0
88
0
88
0
138
0
138
0
301
0
88
0
138
0
76
0
88
0
176
0
139
0
226
0
0
0
162
0
226
0
0
0
212
0
176
0
50
0
250
0
152
0
50
0
88
0
253
0
88
0
88
0
213
0
331
0
331
0
162
0
240
0
0
0
351
0
176
0
911
0
301
0
50
0
176
0
163
0
88
0
64
0
163
0
88
0
138
0
251
0
88
0
138
0
75
0
176
0
88
0
227
0
88
0
88
0
74
0
88
0
88
0
88
0
250
0
138
0
88
0
184
0
133
0
226
0
74
0
169
0
581
0
124
0
88
0
226
0
162
0
64
0
138
0
250
0
0
0
138
0
250
0
50
0
88
0
226
0
161
0
64
0
138
0
164
0
176
0
88
0
162
0
88
0
50
0
162
0
226
0
152
0
213
0
88
0
0
0
213
0
88
0
226
0
45
0
207
0
88
0
230
0
213
0
412
0
250
0
300
0
88
0
88
0
163
0
0
0
88
0
227
0
176
0
88
0
162
0
0
0
558
0
688
0
666
0
728
0
604
0
152
0
88
0
163
0
88
0
176
0
0
0
213
0
176
0
0
0
213
0
88
0
240
0
75
0
88
0
88
0
207
0
133
0
188
0
213
0
250
0
564
0
74
0
88
0
88
0
162
0
176
0
0
0
162
0
176
0
50
0
163
0
202
0
176
0
0
0
250
0
0
0
138
0
163
0
88
0
176
0
138
0
226
0
0
0
163
0
226
0
88
0
74
0
176
0
0
0
162
0
138
0
152
0
974
0
45
0
176
0
74
0
138
0
331
0
331
0
250
0
88
0
114
0
88
0
138
0
250
0
88
0
88
0
76
0
88
0
138
0
691
0
461
0
176
0
74
0
226
0
88
0
124
0
88
0
88
0
212
0
176
0
202
0
0
0
163
0
88
0
176
0
74
0
88
0
88
0
212
0
133
0
197
0
250
0
88
0
250
0
399
0
88
0
88
0
162
0
176
0
0
0
226
0
176
0
0
0
176
0
162
0
0
0
166
0
300
0
0
0
88
0
226
0
176
0
88
0
162
0
88
0
88
0
124
0
138
0
88
0
250
0
202
0
88
0
75
0
138
0
176
0
162
0
45
0
176
0
133
0
118
0
202
0
331
0
495
0
88
0
88
0
213
0
0
0
88
0
251
0
88
0
64
0
162
0
88
0
88
0
163
0
88
0
88
0
176
0
162
0
0
0
152
0
251
0
0
0
176
0
162
0
88
0
0
0
251
0
0
0
138
0
276
0
176
0
0
0
163
0
178
0
176
0
163
0
50
0
250
0
486
0
88
0
240
0
0
0
250
0
0
0
176
0
74
0
88
0
176
0
163
0
0
0
152
0
163
0
88
0
88
0
213
0
88
0
88
0
300
0
88
0
681
0
227
0
176
0
50
0
163
0
176
0
138
0
0
0
163
0
176
0
50
0
227
0
178
0
138
0
163
0
176
0
243
0
406
0
138
0
176
0
124
0
152
0
176
0
163
0
189
0
347
0
124
0
88
0
88
0
163
0
88
0
152
0
88
0
212
0
88
0
88
0
301
0
88
0
88
0
422
0
1241
0
1186
0
672
0
327
0
216
0
163
0
88
0
218
0
1404
0
1664
0
1327
0
1011
0
516
0
381
0
773
0
176
0
0
0
163
0
176
0
0
0
163
0
152
0
88
0
163
0
176
0
88
0
0
0
162
0
138
0
88
0
163
0
202
0
88
0
213
0
88
0
88
0
251
0
50
0
176
0
163
0
0
0
88
0
925
0
1397
0
1747
0
946
0
606
0
693
0
1313
0
1246
0
723
0
596
0
865
0
190
0
88
0
213
0
88
0
88
0
163
0
88
0
138
0
163
0
152
0
138
0
163
0
88
0
88
0
623
0
872
0
503
0
163
0
88
0
152
0
162
0
0
0
176
0
163
0
88
0
88
0
163
0
138
0
88
0
152
0
163
0
133
0
183
0
636
0
673
0
739
0
790
0
138
0
88
0
226
0
88
0
88
0
213
0
88
0
88
0
163
0
769
0
138
0
163
0
152
0
88
0
163
0
88
0
88
0
162
0
88
0
88
0
88
0
163
0
152
0
88
0
163
0
88
0
88
0
163
0
88
0
88
0
162
0
133
0
197
0
212
0
88
0
138
0
405
0
331
0
88
0
163
0
138
0
88
0
227
0
266
0
88
0
138
0
162
0
88
0
138
0
162
0
88
0
88
0
227
0
138
0
88
0
162
0
88
0
88
0
212
0
391
0
519
0
163
0
202
0
88
0
1059
0
1258
0
1746
0
1358
0
1234
0
749
0
263
0
88
0
152
0
243
0
493
0
138
0
162
0
138
0
88
0
162
0
138
0
88
0
226
0
138
0
88
0
138
0
162
0
88
0
138
0
162
0
88
0
88
0
227
0
138
0
380
0
212
0
88
0
138
0
162
0
88
0
88
0
162
0
152
0
88
0
162
0
88
0
88
0
252
0
138
0
88
0
212
0
331
0
395
0
162
0
88
0
138
0
88
0
163
0
88
0
88
0
317
0
594
0
579
0
300
0
88
0
892
0
1108
0
1730
0
1820
0
1253
0
1032
0
408
0
487
0
957
0
681
0
1018
0
1448
0
1410
0
1662
0
1223
0
1473
0
1442
0
1505
0
1299
0
1345
0
1471
0
2516
0
663
0
932
0
1164
0
1434
0
1453
0
1344
0
1428
0
1429
0
643
0
520
0
1454
0
1319
0
1074
0
1737
0
1278
0
1361
0
1745
0
1548
0
1468
0
1360
0
1524
0
1444
0
1388
0
1362
0
543
0
1268
0
1596
0
1301
0
1583
0
1388
0
1405
0
1476
0
1225
0
1591
0
1254
0
979
0
1457
0
1800
0
1272
0
1668
0
1562
0
1651
0
1129
0
1428
0
665
0
641
0
311
0
88
0
163
0
350
0
2074
0
1181
0
1934
0
1194
0
0
0
0
0
0
0
0
0
0
0
0
0
377
0
1361
0
1372
0
1117
0
1731
0
1590
0
1138
0
1342
0
1523
0
1215
0
2122
0
1761
0
1129
0
1590
0
1428
0
1357
0
1306
0
1166
0
1584
0
1669
0
853
0
0
367
0
1321
0
1991
0
1376
0
786
0
792
0
905
0
520
0
152
0
138
0
355
0
0
0
276
0
1224
0
1606
0
1462
0
1431
0
1523
0
1253
0
985
0
1358
0
1509
0
1554
0
0
0
0
0
0
0
0
0
262
0
1585
0
1289
0
1503
0
1550
0
1408
0
1564
0
1427
0
1270
0
1482
0
1251
0
0
0
0
0
0
0
0
0
599
0
1339
0
1902
0
853
0
0
0
0
0
0
0
0
0
0
0
384
0
1550
0
749
0
893
0
1268
0
552
0
0
0
0
0
163
0
578
0
509
0
88
0
251
0
50
0
240
0
0
0
251
0
88
0
75
0
138
0
88
0
162
0
88
0
138
0
227
0
138
0
88
0
163
0
726
0
372
0
88
0
256
0
133
0
88
0
228
0
88
0
419
0
318
0
88
0
176
0
125
0
176
0
0
0
301
0
64
0
88
0
250
0
88
0
50
0
163
0
88
0
88
0
1038
0
1146
0
568
0
611
0
88
0
88
0
163
0
88
0
88
0
0
0
251
0
88
0
64
0
251
0
88
0
88
0
213
0
133
0
133
0
163
0
88
0
820
0
1780
0
1749
0
2059
0
1211
0
1356
0
1733
0
1212
0
0
0
0
0
0
0
0
0
0
0
0
0
0
0
0
0
0
0
0
0
2465
0
1926
0
1137
0
1197
0
1473
0
1501
0
1344
0
1797
0
1334
0
1289
0
1394
0
1410
0
1336
0
1432
0
962
0
454
0
1543
0
1537
0
856
0
1123
0
1215
0
838
0
1262
0
542
0
552
0
455
0
162
0
88
0
0
0
780
0
1424
0
1303
0
1367
0
2138
0
1275
0
1928
0
1321
0
1045
0
1811
0
693
0
651
0
88
0
138
0
163
0
267
0
547
0
637
0
537
0
468
0
125
0
88
0
176
0
88
0
120
0
335
0
0
0
163
0
300
0
331
0
382
0
0
0
88
0
162
0
88
0
152
0
250
0
0
0
176
0
74
0
434
0
1374
0
1126
0
1884
0
1827
0
1212
0
1935
0
1124
0
1433
0
1419
0
1317
0
1570
0
1088
0
1371
0
1334
0
1171
0
1582
0
1297
0
1064
0
1571
0
1552
0
878
0
1616
0
1718
0
1106
0
1058
0
1943
0
1587
0
1301
0
1449
0
1700
0
1725
0
1109
0
1209
0
1662
0
580
0
1535
0
1448
0
1832
0
1143
0
1917
0
1421
0
1287
0
1694
0
1109
0
1517
0
2053
0
978
0
1507
0
1633
0
1192
0
1252
0
552
0
138
0
88
0
163
0
1145
0
1433
0
1556
0
1456
0
1161
0
1754
0
1829
0
909
0
2216
0
1389
0
919
0
900
0
1592
0
1815
0
1129
0
513
0
138
0
176
0
74
0
88
0
152
0
163
0
88
0
88
0
617
0
741
0
190
0
163
0
88
0
138
0
227
0
88
0
88
0
88
0
163
0
88
0
684
0
1294
0
1308
0
1212
0
2369
0
1531
0
1387
0
1277
0
1672
0
1430
0
1707
0
2086
0
1061
0
1760
0
1474
0
1588
0
1195
0
1434
0
1510
0
1427
0
975
0
1314
0
1304
0
813
0
1659
0
1123
0
617
0
1535
0
1363
0
1765
0
1195
0
1418
0
1405
0
1361
0
1477
0
1775
0
1473
0
1107
0
1351
0
1391
0
1460
0
1339
0
1412
0
1417
0
1366
0
1175
0
1652
0
1725
0
900
0
635
0
452
0
88
0
88
0
163
0
944
0
890
0
534
0
354
0
88
0
88
0
213
0
88
0
88
0
88
0
162
0
152
0
88
0
164
0
138
0
521
0
353
0
88
0
88
0
88
0
163
0
152
0
88
0
163
0
138
0
88
0
253
0
88
0
88
0
162
0
169
0
557
0
163
0
88
0
88
0
163
0
88
0
138
0
163
0
138
0
88
0
152
0
163
0
88
0
88
0
213
0
88
0
88
0
162
0
374
0
294
0
152
0
163
0
88
0
88
0
163
0
88
0
138
0
163
0
138
0
88
0
226
0
88
0
133
0
258
0
88
0
88
0
375
0
412
0
1189
0
1392
0
1587
0
1338
0
1209
0
1353
0
1033
0
1916
0
1642
0
388
0
1550
0
1171
0
1403
0
1408
0
1557
0
882
0
1489
0
1345
0
529
0
1338
0
1463
0
1121
0
768
0
682
0
538
0
1546
0
1801
0
392
0
478
0
256
0
138
0
133
0
272
0
88
0
88
0
163
0
331
0
331
0
88
0
163
0
88
0
88
0
226
0
88
0
88
0
213
0
537
0
1587
0
1158
0
1311
0
1324
0
1355
0
1244
0
1104
0
503
0
597
0
283
0
163
0
88
0
88
0
88
0
505
0
138
0
152
0
163
0
88
0
88
0
163
0
88
0
178
0
212
0
88
0
138
0
389
0
412
0
88
0
163
0
88
0
88
0
163
0
88
0
88
0
163
0
202
0
88
0
138
0
163
0
88
0
88
0
163
0
272
0
460
0
473
0
152
0
88
0
213
0
88
0
88
0
88
0
211
0
138
0
88
0
165
0
152
0
88
0
213
0
88
0
228
0
163
0
88
0
88
0
406
0
331
0
152
0
163
0
88
0
88
0
163
0
88
0
88
0
138
0
163
0
88
0
152
0
213
0
138
0
88
0
163
0
88
0
88
0
336
0
530
0
605
0
549
0
834
0
1507
0
1566
0
1312
0
1686
0
1102
0
1790
0
1714
0
884
0
1646
0
1548
0
1592
0
1677
0
1193
0
994
0
997
0
996
0
1411
0
1497
0
1684
0
1691
0
1190
0
1459
0
1270
0
1750
0
1399
0
1122
0
1515
0
1378
0
1423
0
2218
0
1468
0
1268
0
829
0
1333
0
1092
0
1766
0
1099
0
1512
0
1563
0
1324
0
1596
0
1458
0
1357
0
1516
0
1208
0
1531
0
1343
0
1159
0
1496
0
1870
0
1325
0
1410
0
1556
0
1234
0
1695
0
856
0
1418
0
1366
0
1333
0
1619
0
420
0
723
0
127
0
661
0
1034
0
677
0
1465
0
1405
0
1301
0
559
0
554
0
511
0
585
0
568
0
401
0
627
0
384
0
88
0
163
0
152
0
138
0
163
0
88
0
88
0
208
0
133
0
88
0
163
0
250
0
526
0
213
0
88
0
138
0
163
0
676
0
430
0
163
0
88
0
138
0
152
0
213
0
88
0
88
0
163
0
88
0
138
0
163
0
88
0
88
0
227
0
88
0
88
0
211
0
88
0
88
0
164
0
203
0
760
0
373
0
579
0
833
0
186
0
253
0
428
0
271
0
163
0
331
0
409
0
213
0
152
0
88
0
212
0
198
0
581
0
163
0
88
0
88
0
75
0
176
0
152
0
88
0
163
0
88
0
88
0
163
0
88
0
88
0
163
0
88
0
694
0
1490
0
403
0
577
0
75
0
176
0
138
0
163
0
88
0
328
0
508
0
247
0
0
0
251
0
250
0
412
0
163
0
88
0
88
0
88
0
849
0
202
0
88
0
162
0
88
0
88
0
213
0
88
0
88
0
295
0
401
0
202
0
163
0
88
0
0
0
176
0
75
0
226
0
88
0
164
0
138
0
152
0
162
0
88
0
330
0
88
0
163
0
88
0
228
0
162
0
760
0
410
0
405
0
331
0
676
0
492
0
688
0
1444
0
898
0
1702
0
1479
0
1746
0
1584
0
1119
0
1263
0
1659
0
1415
0
1497
0
1423
0
1678
0
1333
0
1244
0
1496
0
1048
0
1292
0
1703
0
1269
0
1757
0
1290
0
1402
0
1266
0
1440
0
1469
0
1170
0
960
0
1736
0
1545
0
1436
0
953
0
484
0
1107
0
152
0
75
0
453
0
593
0
75
0
138
0
88
0
163
0
88
0
176
0
189
0
176
0
0
0
430
0
379
0
50
0
138
0
301
0
88
0
88
0
277
0
0
0
176
0
163
0
0
0
176
0
163
0
88
0
0
0
251
0
1044
0
1052
0
1530
0
1461
0
1110
0
1928
0
1726
0
1988
0
1159
0
410
0
648
0
625
0
88
0
88
0
163
0
301
0
466
0
88
0
296
0
474
0
664
0
518
0
88
0
260
0
163
0
0
0
176
0
684
0
690
0
88
0
64
0
164
0
176
0
88
0
74
0
617
0
290
0
774
0
163
0
178
0
138
0
452
0
403
0
553
0
325
0
300
0
88
0
163
0
88
0
88
0
163
0
152
0
88
0
163
0
88
0
88
0
162
0
88
0
88
0
163
0
88
0
152
0
162
0
185
0
483
0
274
0
213
0
88
0
138
0
163
0
88
0
152
0
163
0
88
0
88
0
213
0
133
0
133
0
162
0
88
0
138
0
470
0
669
0
410
0
712
0
422
0
571
0
823
0
716
0
651
0
594
0
455
0
88
0
213
0
437
0
437
0
189
0
162
0
226
0
0
0
213
0
240
0
88
0
162
0
88
0
88
0
74
0
176
0
391
0
949
0
399
0
353
0
241
0
423
0
694
0
310
0
88
0
88
0
325
0
331
0
219
0
227
0
138
0
138
0
162
0
88
0
88
0
88
0
163
0
88
0
138
0
226
0
88
0
138
0
163
0
88
0
88
0
163
0
88
0
88
0
163
0
152
0
88
0
163
0
88
0
88
0
163
0
88
0
88
0
88
0
163
0
197
0
133
0
213
0
88
0
88
0
406
0
331
0
372
0
611
0
533
0
450
0
163
0
88
0
88
0
163
0
88
0
88
0
163
0
88
0
88
0
227
0
88
0
88
0
88
0
163
0
772
0
88
0
162
0
88
0
138
0
227
0
88
0
308
0
1149
0
1998
0
1398
0
1019
0
1708
0
1498
0
1545
0
1241
0
594
0
2208
0
1508
0
1025
0
633
0
577
0
479
0
163
0
88
0
88
0
152
0
163
0
88
0
88
0
163
0
88
0
138
0
163
0
138
0
88
0
277
0
88
0
88
0
289
0
354
0
88
0
163
0
195
0
542
0
163
0
202
0
138
0
163
0
329
0
133
0
208
0
50
0
176
0
50
0
494
0
395
0
163
0
88
0
88
0
88
0
163
0
88
0
88
0
213
0
166
0
202
0
163
0
88
0
138
0
163
0
88
0
88
0
424
0
1225
0
1667
0
2241
0
1540
0
1187
0
1347
0
1320
0
1346
0
1708
0
1318
0
1203
0
879
0
1646
0
1420
0
1354
0
1469
0
1530
0
963
0
1381
0
1005
0
1240
0
1160
0
1155
0
578
0
368
0
88
0
88
0
213
0
164
0
354
0
162
0
88
0
152
0
163
0
88
0
88
0
162
0
88
0
138
0
88
0
213
0
88
0
202
0
163
0
88
0
88
0
163
0
88
0
88
0
163
0
138
0
133
0
633
0
762
0
1384
0
1575
0
1585
0
1005
0
789
0
88
0
138
0
163
0
152
0
88
0
1020
0
162
0
88
0
138
0
163
0
88
0
138
0
162
0
202
0
88
0
163
0
88
0
88
0
163
0
88
0
88
0
163
0
88
0
152
0
212
0
88
0
88
0
163
0
213
0
1260
0
1519
0
1447
0
1344
0
1297
0
810
0
892
0
560
0
163
0
88
0
88
0
163
0
50
0
88
0
227
0
176
0
88
0
163
0
88
0
0
0
553
0
1781
0
1146
0
1664
0
1367
0
1135
0
1256
0
960
0
581
0
690
0
482
0
138
0
514
0
539
0
88
0
909
0
715
0
138
0
0
0
254
0
88
0
176
0
124
0
419
0
243
0
227
0
88
0
88
0
251
0
88
0
0
0
251
0
50
0
88
0
162
0
240
0
88
0
75
0
176
0
0
0
163
0
176
0
0
0
250
0
0
0
202
0
88
0
213
0
88
0
176
0
213
0
88
0
138
0
75
0
88
0
240
0
120
0
133
0
176
0
162
0
162
0
500
0
213
0
88
0
50
0
365
0
0
0
88
0
251
0
88
0
88
0
75
0
176
0
0
0
88
0
365
0
88
0
88
0
163
0
88
0
0
0
1352
0
1090
0
1939
0
1685
0
1185
0
1367
0
1576
0
1606
0
1060
0
1654
0
646
0
996
0
1225
0
2111
0
1646
0
1466
0
1480
0
1438
0
1056
0
924
0
506
0
288
0
162
0
88
0
152
0
88
0
164
0
88
0
88
0
213
0
380
0
138
0
163
0
88
0
152
0
163
0
138
0
88
0
162
0
88
0
88
0
213
0
88
0
88
0
162
0
152
0
88
0
163
0
88
0
138
0
208
0
183
0
88
0
163
0
300
0
1301
0
1055
0
1729
0
1353
0
345
0
665
0
1240
0
615
0
550
0
1669
0
2209
0
974
0
546
0
482
0
763
0
956
0
999
0
1153
0
1461
0
1102
0
1505
0
1447
0
1663
0
1417
0
1427
0
1589
0
1086
0
1583
0
1451
0
1185
0
1134
0
1525
0
1447
0
1532
0
1294
0
1551
0
1729
0
1683
0
1842
0
1137
0
1198
0
1689
0
1319
0
1364
0
1329
0
1427
0
1410
0
1692
0
1090
0
1345
0
1864
0
794
0
1081
0
1513
0
1106
0
1723
0
1266
0
1729
0
1402
0
1190
0
1272
0
1230
0
1583
0
1428
0
1440
0
1245
0
1426
0
1490
0
1358
0
1241
0
2005
0
1693
0
1313
0
679
0
1941
0
1691
0
1709
0
1456
0
1114
0
1695
0
816
0
1476
0
558
0
0
0
301
0
88
0
324
0
1442
0
1445
0
1509
0
1680
0
1518
0
1226
0
1461
0
1287
0
1635
0
1447
0
1720
0
1714
0
1262
0
1086
0
1027
0
411
0
266
0
427
0
311
0
750
0
133
0
280
0
1141
0
536
0
476
0
735
0
428
0
88
0
165
0
138
0
164
0
429
0
88
0
88
0
227
0
88
0
88
0
163
0
88
0
138
0
163
0
138
0
216
0
212
0
202
0
88
0
163
0
138
0
88
0
261
0
163
0
88
0
88
0
163
0
152
0
88
0
163
0
88
0
133
0
207
0
88
0
88
0
375
0
412
0
202
0
163
0
88
0
88
0
88
0
163
0
88
0
88
0
162
0
88
0
202
0
163
0
88
0
88
0
163
0
88
0
88
0
213
0
138
0
88
0
277
0
88
0
88
0
163
0
88
0
138
0
163
0
88
0
138
0
162
0
152
0
88
0
253
0
88
0
88
0
88
0
406
0
331
0
138
0
163
0
152
0
88
0
163
0
88
0
88
0
163
0
88
0
88
0
162
0
631
0
478
0
910
0
88
0
614
0
163
0
88
0
88
0
163
0
88
0
88
0
88
0
227
0
88
0
88
0
162
0
88
0
138
0
163
0
88
0
178
0
213
0
152
0
88
0
325
0
412
0
88
0
163
0
88
0
138
0
163
0
88
0
152
0
163
0
138
0
88
0
845
0
88
0
88
0
163
0
88
0
138
0
226
0
88
0
561
0
411
0
517
0
922
0
1285
0
726
0
402
0
88
0
227
0
88
0
88
0
162
0
88
0
683
0
1601
0
1174
0
2149
0
1883
0
1144
0
2003
0
1137
0
937
0
2174
0
1491
0
1851
0
938
0
1801
0
1135
0
1525
0
1187
0
939
0
1505
0
1463
0
343
0
648
0
138
0
88
0
214
0
152
0
88
0
212
0
88
0
138
0
455
0
138
0
88
0
163
0
88
0
152
0
163
0
138
0
133
0
208
0
88
0
88
0
300
0
487
0
138
0
152
0
163
0
88
0
88
0
213
0
0
0
1268
0
1458
0
1286
0
1810
0
1260
0
1090
0
635
0
647
0
658
0
643
0
1213
0
1319
0
1312
0
1438
0
1754
0
1406
0
1484
0
1139
0
1797
0
1328
0
978
0
1472
0
810
0
827
0
1305
0
651
0
265
0
432
0
733
0
605
0
331
0
88
0
162
0
88
0
88
0
779
0
196
0
195
0
536
0
651
0
539
0
372
0
1701
0
1855
0
1237
0
1755
0
1064
0
1532
0
0
0
0
0
0
0
1091
0
982
0
1530
0
1356
0
1215
0
1332
0
1382
0
576
0
561
0
88
0
138
0
133
0
208
0
176
0
152
0
325
0
331
0
1067
0
251
0
88
0
88
0
162
0
88
0
0
0
315
0
88
0
88
0
241
0
337
0
433
0
440
0
831
0
563
0
634
0
226
0
88
0
88
0
163
0
88
0
88
0
162
0
612
0
1360
0
1604
0
1145
0
1581
0
1502
0
1621
0
1461
0
1139
0
1867
0
1095
0
1181
0
1485
0
2269
0
909
0
1509
0
1216
0
724
0
884
0
374
0
1104
0
1593
0
1296
0
1115
0
1790
0
1729
0
1280
0
1640
0
839
0
1652
0
1031
0
1397
0
1436
0
1812
0
813
0
1776
0
1792
0
1182
0
1200
0
1736
0
1420
0
1046
0
1248
0
1728
0
940
0
1807
0
875
0
1047
0
1181
0
1583
0
1472
0
1517
0
941
0
504
0
1666
0
1400
0
522
0
360
0
88
0
749
0
1721
0
1091
0
1323
0
1525
0
1646
0
1822
0
1087
0
1727
0
1450
0
1570
0
1428
0
1117
0
1250
0
723
0
589
0
989
0
1164
0
1597
0
1077
0
1715
0
1170
0
573
0
0
0
0
0
876
0
1099
0
1513
0
1888
0
1418
0
1684
0
1294
0
1160
0
1448
0
1436
0
719
0
1631
0
1131
0
1778
0
1229
0
1418
0
1280
0
0
0
0
0
0
0
621
0
1436
0
1535
0
1697
0
1575
0
1506
0
1582
0
1277
0
952
0
2265
0
1756
0
1436
0
1235
0
1435
0
1125
0
1491
0
1420
0
1429
0
1330
0
730
0
1068
0
672
0
213
0
88
0
88
0
163
0
88
0
88
0
213
0
88
0
202
0
163
0
245
0
1785
0
1367
0
1115
0
1023
0
512
0
677
0
466
0
152
0
794
0
1147
0
1357
0
1673
0
1310
0
1192
0
1475
0
1664
0
759
0
657
0
263
0
138
0
163
0
178
0
88
0
163
0
138
0
331
0
406
0
202
0
88
0
163
0
88
0
88
0
163
0
88
0
88
0
163
0
88
0
152
0
163
0
138
0
88
0
138
0
163
0
88
0
88
0
163
0
88
0
152
0
162
0
88
0
138
0
163
0
88
0
88
0
162
0
88
0
88
0
651
0
1488
0
1461
0
1482
0
1610
0
1689
0
2218
0
1205
0
1570
0
1191
0
1761
0
1356
0
1101
0
1524
0
1287
0
1300
0
1738
0
1011
0
935
0
1108
0
1415
0
1410
0
1362
0
1650
0
1787
0
792
0
1757
0
1362
0
495
0
844
0
260
0
152
0
138
0
162
0
88
0
430
0
213
0
945
0
1229
0
640
0
476
0
152
0
163
0
331
0
331
0
213
0
88
0
216
0
163
0
88
0
88
0
152
0
163
0
88
0
88
0
163
0
88
0
766
0
163
0
88
0
138
0
227
0
0
0
176
0
163
0
88
0
614
0
764
0
777
0
88
0
687
0
0
0
0
0
0
0
539
0
723
0
1913
0
1694
0
1290
0
1640
0
1184
0
1278
0
1090
0
1167
0
1253
0
547
0
424
0
566
0
283
0
163
0
138
0
152
0
163
0
477
0
500
0
467
0
88
0
88
0
163
0
88
0
138
0
518
0
138
0
88
0
88
0
163
0
88
0
88
0
163
0
88
0
88
0
227
0
88
0
